.0000000, .10694365, .10694365
.0000000, .10685755, .10685755
.0000000, .10659936, .10659936
.0000000, .10650043, .10650043
.0000000, .10626717, .10626717
.0000000, .10619889, .10619889
.0000000, .10609098, .10609098
.12263805E-04, .10986117, .10984890
.79502091E-01, .11032262, .30820526E-01
.22030923, .11023037, -.11007886
.28001386, .11019908, -.16981478
.33961409, .11055677, -.22905731
.36956280, .11081813, -.25874466
.34397998, .11120529, -.23277469
.30090600, .11164821, -.18925780
.20353648, .11194803, -.91588452E-01
.0000000, .10668263, .10668263
.0000000, .10660683, .10660683
.0000000, .10653184, .10653184
.0000000, .10645764, .10645764
.0000000, .10638402, .10638402
.0000000, .10631101, .10631101
.0000000, .10623863, .10623863
.0000000, .10614602, .10614602
.0000000, .10592061, .10592061
.0000000, .10587097, .10587097
.0000000, .10590430, .10590430
.0000000, .10581827, .10581827
.0000000, .10561723, .10561723
.0000000, .10554066, .10554066
.0000000, .10542692, .10542692
.57252846E-02, .10958318, .10385790
.10956227, .10999332, .43105334E-03
.30173653, .11004850, -.19168803
.44735411, .12688738, -.32046673
.42909604, .11991653, -.30917951
.45282102, .11695382, -.33586720
.41005218, .11792002, -.29213217
.35145262, .11478283, -.23666979
.25976643, .11138961, -.14837682
.0000000, .10568376, .10568376
.0000000, .10555725, .10555725
.0000000, .10546799, .10546799
.0000000, .10537987, .10537987
.0000000, .10529281, .10529281
.0000000, .10520672, .10520672
.0000000, .10512363, .10512363
.0000000, .10511728, .10511728
.0000000, .10515097, .10515097
.0000000, .10507670, .10507670
.0000000, .10499510, .10499510
.0000000, .10491444, .10491444
.0000000, .10497989, .10497989
.0000000, .10495992, .10495992
.0000000, .10484075, .10484075
.22498226E-01, .10944133, .86943105E-01
.15761051, .10991221, -.47698297E-01
.35837850, .12808485, -.23029365
.50119919, .13002065, -.37117854
.53167373, .11355528, -.41811845
.53512359, .11483645, -.42028713
.48038888, .14764847, -.33274043
.0000000, .11182974, .11182974
.0000000, .11063034, .11063034
.0000000, .11467611, .11467611
.0000000, .13729879, .13729879
.0000000, .11432821, .11432821
.0000000, .11139636, .11139636
.0000000, .12922353, .12922353
.0000000, .12407548, .12407548
.0000000, .11198695, .11198695
.0000000, .11421730, .11421730
.0000000, .12349886, .12349886
.0000000, .12122814, .12122814
.0000000, .12289312, .12289312
.0000000, .11644305, .11644305
.0000000, .11948045, .11948045
.0000000, .11830571, .11830571
.0000000, .12468836, .12468836
.46812303E-01, .12641108, .79598777E-01
.19574162, .12404907, -.71692556E-01
.42267260, .13106319, -.29160941
.57335693, .12657991, -.44677702
.52892327, .12072247, -.40820080
.56046247, .13165955, -.42880291
.60401112, .14354177, -.46046937
.60238647, .12114520, -.48124129
.33823800, .12096763, -.21727037
.0000000, .13630202, .13630202
.0000000, .13389456, .13389456
.0000000, .11632907, .11632907
.0000000, .11656360, .11656360
.0000000, .13582294, .13582294
.0000000, .12407552, .12407552
.0000000, .11567547, .11567547
.0000000, .12602592, .12602592
.0000000, .12957305, .12957305
.0000000, .12489121, .12489121
.0000000, .11829749, .11829749
.0000000, .12362668, .12362668
.0000000, .12534332, .12534332
.0000000, .12655129, .12655129
.0000000, .12557195, .12557195
.0000000, .11869496, .11869496
.17340201, .12428512, -.49116895E-01
.0000000, .12490613, .12490613
.41908568, .12668483, -.29240084
.43150672, .12609941, -.30540732
.37827808, .12432790, -.25395018
.0000000, .12168842, .12168842
.0000000, .12229835, .12229835
.0000000, .12152135, .12152135
.0000000, .12145709, .12145709
.0000000, .12025264, .12025264
.0000000, .11978861, .11978861
.0000000, .11941919, .11941919
.0000000, .11783918, .11783918
.0000000, .11672059, .11672059
.0000000, .11570540, .11570540
.0000000, .11386447, .11386447
.0000000, .11053587, .11053587
.0000000, .11033285, .11033285
.0000000, .10989013, .10989013
.0000000, .10963254, .10963254
.0000000, .10943238, .10943238
.0000000, .10924082, .10924082
.0000000, .10899231, .10899231
.26551016E-01, .11124875, .84697731E-01
.14380012, .11129611, -.32504015E-01
.28984672, .11114243, -.17870429
.40893397, .11501613, -.29391783
.41963834, .11694901, -.30268931
.42699087, .11848141, -.30850947
.43483955, .11657441, -.31826514
.33555984, .11581426, -.21974558
.0000000, .11046866, .11046866
.0000000, .10859679, .10859679
.0000000, .10848314, .10848314
.0000000, .10819716, .10819716
.0000000, .10795106, .10795106
.0000000, .10807049, .10807049
.0000000, .10780566, .10780566
.0000000, .10747352, .10747352
.0000000, .10715576, .10715576
.0000000, .10686449, .10686449
.0000000, .10656696, .10656696
.0000000, .10628592, .10628592
.0000000, .10598581, .10598581
.0000000, .10568064, .10568064
.0000000, .10531580, .10531580
.0000000, .10490595, .10490595
.23287697E-01, .10761636, .84328659E-01
.12979974, .10753322, -.22266522E-01
.27742809, .10718808, -.17024001
.38832423, .10885140, -.27947283
.38643026, .10863169, -.27779859
.39934668, .11113846, -.28820822
.40418091, .10734311, -.29683781
.29841897, .10754544, -.19087353
.23194379, .10759714, -.12434664
.0000000, .10309360, .10309360
.0000000, .10274662, .10274662
.0000000, .10236625, .10236625
.0000000, .10200455, .10200455
.0000000, .10164404, .10164404
.0000000, .10125957, .10125957
.0000000, .10105748, .10105748
.0000000, .10076115, .10076115
.0000000, .10040028, .10040028
.0000000, .10005852, .10005852
.0000000, .99698909E-01, .99698909E-01
.0000000, .99391632E-01, .99391632E-01
.0000000, .99208817E-01, .99208817E-01
.0000000, .98960035E-01, .98960035E-01
.0000000, .98592393E-01, .98592393E-01
.0000000, .98245308E-01, .98245308E-01
.19861884E-01, .10133512, .81473239E-01
.13361678E-01, .10156248, .88200800E-01
.98894790E-01, .10115775, .22629648E-02
.12286137, .10079028, -.22071086E-01
.14539887, .10062611, -.44772759E-01
.11880687, .10051841, -.18288463E-01
.10027096, .10053457, .26361644E-03
.64999409E-01, .10050109, .35501681E-01
.0000000, .96301600E-01, .96301600E-01
.0000000, .96221231E-01, .96221231E-01
.0000000, .96142270E-01, .96142270E-01
.0000000, .95988274E-01, .95988274E-01
.0000000, .95778361E-01, .95778361E-01
.0000000, .95536642E-01, .95536642E-01
.0000000, .95376395E-01, .95376395E-01
.0000000, .95166884E-01, .95166884E-01
.0000000, .94934136E-01, .94934136E-01
.0000000, .94719708E-01, .94719708E-01
.0000000, .94604760E-01, .94604760E-01
.0000000, .94520144E-01, .94520144E-01
.0000000, .94281718E-01, .94281718E-01
.0000000, .94060607E-01, .94060607E-01
.0000000, .93893319E-01, .93893319E-01
.81257951E-02, .96933618E-01, .88807821E-01
.14072806, .97202480E-01, -.43525577E-01
.18064344, .97194172E-01, -.83449267E-01
.28076100, .97261675E-01, -.18349934
.28405997, .97421698E-01, -.18663827
.34279352, .97493127E-01, -.24530040
.23723900, .98001786E-01, -.13923723
.20615631, .98162994E-01, -.10799332
.15021019, .98293908E-01, -.51916279E-01
.0000000, .93865544E-01, .93865544E-01
.0000000, .93778960E-01, .93778960E-01
.0000000, .93694136E-01, .93694136E-01
.0000000, .93610637E-01, .93610637E-01
.0000000, .93528800E-01, .93528800E-01
.0000000, .93448505E-01, .93448505E-01
.0000000, .93369447E-01, .93369447E-01
.0000000, .93291573E-01, .93291573E-01
.0000000, .93214862E-01, .93214862E-01
.0000000, .93093142E-01, .93093142E-01
.0000000, .92880540E-01, .92880540E-01
.0000000, .92807136E-01, .92807136E-01
.0000000, .92734762E-01, .92734762E-01
.0000000, .92656054E-01, .92656054E-01
.0000000, .92374675E-01, .92374675E-01
.36499328E-02, .95705949E-01, .92056014E-01
.18200570, .96029609E-01, -.85976094E-01
.26860175, .96157357E-01, -.17244439
.40396982, .10180255, -.30216727
.37581009, .97272761E-01, -.27853733
.39355096, .10045337, -.29309759
.36779395, .96966356E-01, -.27082759
.29533637, .97406574E-01, -.19792980
.21546733, .97641625E-01, -.11782571
.0000000, .92672855E-01, .92672855E-01
.0000000, .92574932E-01, .92574932E-01
.0000000, .92479117E-01, .92479117E-01
.0000000, .92385046E-01, .92385046E-01
.0000000, .92292689E-01, .92292689E-01
.0000000, .92201963E-01, .92201963E-01
.0000000, .92112824E-01, .92112824E-01
.0000000, .92025153E-01, .92025153E-01
.0000000, .91938928E-01, .91938928E-01
.0000000, .91855794E-01, .91855794E-01
.0000000, .91876291E-01, .91876291E-01
.0000000, .91865674E-01, .91865674E-01
.0000000, .91786109E-01, .91786109E-01
.0000000, .91705911E-01, .91705911E-01
.0000000, .91626890E-01, .91626890E-01
.16639519E-01, .95554926E-01, .78915402E-01
.22794864, .95889695E-01, -.13205895
.29146701, .96084818E-01, -.19538219
.38687164, .98710492E-01, -.28816116
.40856183, .10330575, -.30525607
.41126519, .10371032, -.30755487
.40009108, .10296374, -.29712734
.34834829, .10021986, -.24812843
.25449991, .98296508E-01, -.15620340
.0000000, .93480676E-01, .93480676E-01
.0000000, .93568571E-01, .93568571E-01
.0000000, .93387328E-01, .93387328E-01
.0000000, .93046069E-01, .93046069E-01
.0000000, .92824519E-01, .92824519E-01
.0000000, .92569232E-01, .92569232E-01
.0000000, .92339158E-01, .92339158E-01
.0000000, .92103809E-01, .92103809E-01
.0000000, .91965340E-01, .91965340E-01
.0000000, .91718361E-01, .91718361E-01
.0000000, .91576785E-01, .91576785E-01
.0000000, .91334894E-01, .91334894E-01
.0000000, .91160841E-01, .91160841E-01
.0000000, .90979278E-01, .90979278E-01
.0000000, .90846129E-01, .90846129E-01
.23569744E-01, .95283575E-01, .71713835E-01
.27988300, .95514357E-01, -.18436864
.32048231, .10214335, -.21833897
.43810889, .10879357, -.32931530
.46951699, .11488555, -.35463145
.49382016, .10545623, -.38836393
.47251412, .99253945E-01, -.37326017
.41155732, .11168206, -.29987526
.28690290, .11049572, -.17640719
.0000000, .93440801E-01, .93440801E-01
.0000000, .92673145E-01, .92673145E-01
.0000000, .92272200E-01, .92272200E-01
.0000000, .91935351E-01, .91935351E-01
.0000000, .91465823E-01, .91465823E-01
.0000000, .91025621E-01, .91025621E-01
.0000000, .90681329E-01, .90681329E-01
.0000000, .90369299E-01, .90369299E-01
.0000000, .90253256E-01, .90253256E-01
.0000000, .90101108E-01, .90101108E-01
.0000000, .89876808E-01, .89876808E-01
.0000000, .89774445E-01, .89774445E-01
.0000000, .89537270E-01, .89537270E-01
.0000000, .89408800E-01, .89408800E-01
.0000000, .89173168E-01, .89173168E-01
.32108843E-01, .93913622E-01, .61804779E-01
.41990268, .12370410, -.29619858
.48174244, .10035874, -.38138372
.62458593, .96502371E-01, -.52808356
.64656132, .10785165, -.53870964
.64986181, .14067589, -.50918591
.62961400, .97993717E-01, -.53162026
.51543915, .99344537E-01, -.41609460
.33064133, .10161668, -.22902465
.0000000, .10425286, .10425286
.0000000, .11418815, .11418815
.0000000, .10686870, .10686870
.0000000, .95693015E-01, .95693015E-01
.0000000, .10091514, .10091514
.0000000, .99941887E-01, .99941887E-01
.0000000, .99413745E-01, .99413745E-01
.0000000, .97208306E-01, .97208306E-01
.0000000, .90659223E-01, .90659223E-01
.0000000, .90460390E-01, .90460390E-01
.0000000, .90232670E-01, .90232670E-01
.0000000, .90076670E-01, .90076670E-01
.0000000, .89881085E-01, .89881085E-01
.0000000, .89701392E-01, .89701392E-01
.0000000, .89568608E-01, .89568608E-01
.35080161E-01, .93959518E-01, .58879357E-01
.37261400, .10978483, -.26282918
.40514004, .11667007, -.28846997
.52900261, .10054479, -.42845783
.54844820, .10007131, -.44837689
.55270368, .12562686, -.42707682
.53766865, .10334778, -.43432087
.46844000, .10113023, -.36730975
.31949797, .11658286, -.20291512
.0000000, .11114918, .11114918
.0000000, .99394269E-01, .99394269E-01
.0000000, .95977753E-01, .95977753E-01
.0000000, .92931554E-01, .92931554E-01
.0000000, .92511155E-01, .92511155E-01
.0000000, .92159212E-01, .92159212E-01
.0000000, .91872126E-01, .91872126E-01
.0000000, .91613136E-01, .91613136E-01
.0000000, .12132817, .12132817
.0000000, .97053036E-01, .97053036E-01
.0000000, .92642948E-01, .92642948E-01
.0000000, .11114537, .11114537
.0000000, .11030991, .11030991
.0000000, .92395619E-01, .92395619E-01
.0000000, .92835180E-01, .92835180E-01
.56896932E-01, .11958834, .62691405E-01
.51490819, .10689288, -.40801531
.53353918, .96882291E-01, -.43665689
.68562448, .10447553, -.58114898
.68639976, .13644914, -.54995060
.68294066, .98067567E-01, -.58487308
.67284632, .97260244E-01, -.57558608
.59467787, .10308855, -.49158931
.40776539, .13889211, -.26887327
.0000000, .97101375E-01, .97101375E-01
.0000000, .93728669E-01, .93728669E-01
.0000000, .97694851E-01, .97694851E-01
.0000000, .11301570, .11301570
.0000000, .10732213, .10732213
.0000000, .92274718E-01, .92274718E-01
.0000000, .93791209E-01, .93791209E-01
.0000000, .98152354E-01, .98152354E-01
.0000000, .98664030E-01, .98664030E-01
.0000000, .97003475E-01, .97003475E-01
.0000000, .95032044E-01, .95032044E-01
.0000000, .93830794E-01, .93830794E-01
.0000000, .91415830E-01, .91415830E-01
.0000000, .89371614E-01, .89371614E-01
.0000000, .86590022E-01, .86590022E-01
.0000000, .85431896E-01, .85431896E-01
.27208707, .89470558E-01, -.18261650
.27526870, .89279309E-01, -.18598939
.37341046, .89351431E-01, -.28405905
.35480005, .89565709E-01, -.26523435
.37651426, .89880824E-01, -.28663343
.39019531, .93043596E-01, -.29715171
.42460227, .93190849E-01, -.33141142
.27010095, .91378599E-01, -.17872235
.0000000, .86372763E-01, .86372763E-01
.0000000, .86158916E-01, .86158916E-01
.0000000, .85764207E-01, .85764207E-01
.0000000, .85283786E-01, .85283786E-01
.0000000, .84703699E-01, .84703699E-01
.0000000, .84349334E-01, .84349334E-01
.0000000, .84027365E-01, .84027365E-01
.0000000, .83735891E-01, .83735891E-01
.0000000, .83434582E-01, .83434582E-01
.0000000, .83168164E-01, .83168164E-01
.0000000, .82900696E-01, .82900696E-01
.0000000, .82643159E-01, .82643159E-01
.0000000, .82340308E-01, .82340308E-01
.0000000, .82065724E-01, .82065724E-01
.0000000, .81758916E-01, .81758916E-01
.30672988E-01, .85893653E-01, .55220664E-01
.33576667, .93959980E-01, -.24180669
.38313219, .10145383, -.28167835
.50672966, .10454170, -.40218794
.51988178, .96176177E-01, -.42370561
.52606940, .93804426E-01, -.43226498
.50912201, .10669968, -.40242234
.44151503, .10420912, -.33730590
.30343536, .94432980E-01, -.20900238
.0000000, .90867929E-01, .90867929E-01
.0000000, .84670529E-01, .84670529E-01
.0000000, .82338847E-01, .82338847E-01
.0000000, .81673473E-01, .81673473E-01
.0000000, .81014201E-01, .81014201E-01
.0000000, .80427326E-01, .80427326E-01
.0000000, .79897031E-01, .79897031E-01
.0000000, .79390891E-01, .79390891E-01
.0000000, .78922503E-01, .78922503E-01
.0000000, .78510299E-01, .78510299E-01
.0000000, .78244530E-01, .78244530E-01
.0000000, .77872582E-01, .77872582E-01
.0000000, .77526875E-01, .77526875E-01
.0000000, .77257134E-01, .77257134E-01
.0000000, .76973110E-01, .76973110E-01
.35265990E-01, .81602953E-01, .46336964E-01
.36789563, .94920278E-01, -.27297536
.40079588, .10123179, -.29956409
.52435243, .97247392E-01, -.42710504
.54333341, .87209769E-01, -.45612365
.54707551, .93998656E-01, -.45307684
.53242892, .10901271, -.42341620
.46618468, .95234327E-01, -.37095034
.32097304, .89667685E-01, -.23130536
.0000000, .93125425E-01, .93125425E-01
.0000000, .86819209E-01, .86819209E-01
.0000000, .82119726E-01, .82119726E-01
.0000000, .79491131E-01, .79491131E-01
.0000000, .79014599E-01, .79014599E-01
.0000000, .78590490E-01, .78590490E-01
.0000000, .78182444E-01, .78182444E-01
.0000000, .77793770E-01, .77793770E-01
.0000000, .80199286E-01, .80199286E-01
.0000000, .77991530E-01, .77991530E-01
.0000000, .76745205E-01, .76745205E-01
.0000000, .78117020E-01, .78117020E-01
.0000000, .76141179E-01, .76141179E-01
.0000000, .75997800E-01, .75997800E-01
.0000000, .75755946E-01, .75755946E-01
.39203227E-01, .82421251E-01, .43218024E-01
.38760358, .98428339E-01, -.28917524
.43682528, .10177787, -.33504739
.55244756, .85835859E-01, -.46661168
.57020539, .87191731E-01, -.48301366
.57405692, .11172122, -.46233571
.55993181, .90333998E-01, -.46959782
.49130839, .87075844E-01, -.40423256
.33829319, .10315059, -.23514260
.0000000, .97283900E-01, .97283900E-01
.0000000, .84882423E-01, .84882423E-01
.0000000, .83901703E-01, .83901703E-01
.0000000, .81639081E-01, .81639081E-01
.0000000, .80695435E-01, .80695435E-01
.0000000, .77545069E-01, .77545069E-01
.0000000, .77291638E-01, .77291638E-01
.0000000, .77076837E-01, .77076837E-01
.0000000, .86584494E-01, .86584494E-01
.0000000, .84249564E-01, .84249564E-01
.0000000, .83878428E-01, .83878428E-01
.0000000, .84884241E-01, .84884241E-01
.0000000, .83209425E-01, .83209425E-01
.0000000, .81907697E-01, .81907697E-01
.0000000, .79120494E-01, .79120494E-01
.43143772E-01, .89392856E-01, .46249084E-01
.41788423, .10276169, -.31512254
.45774591, .10163756, -.35610837
.58361161, .86041346E-01, -.49757028
.59731829, .89309022E-01, -.50800925
.59521425, .11358919, -.48162505
.58489209, .91762282E-01, -.49312982
.51589090, .87071560E-01, -.42881933
.35861379, .10275469, -.25585911
.0000000, .99513248E-01, .99513248E-01
.0000000, .84163554E-01, .84163554E-01
.0000000, .84448248E-01, .84448248E-01
.0000000, .87167203E-01, .87167203E-01
.0000000, .87489501E-01, .87489501E-01
.0000000, .83884999E-01, .83884999E-01
.0000000, .83813727E-01, .83813727E-01
.0000000, .83102912E-01, .83102912E-01
.0000000, .81788786E-01, .81788786E-01
.0000000, .81826724E-01, .81826724E-01
.0000000, .81902795E-01, .81902795E-01
.0000000, .82012489E-01, .82012489E-01
.0000000, .82195409E-01, .82195409E-01
.0000000, .82266636E-01, .82266636E-01
.0000000, .82303748E-01, .82303748E-01
.13146548, .87528244E-01, -.43937236E-01
.36610276, .10090020, -.26520255
.39955473, .10716292, -.29239181
.52327782, .10863274, -.41464508
.54219270, .97880580E-01, -.44431213
.54574382, .97861432E-01, -.44788238
.53103638, .11195748, -.41907889
.46546882, .10639053, -.35907829
.32048035, .94582632E-01, -.22589771
.0000000, .92548400E-01, .92548400E-01
.0000000, .89503601E-01, .89503601E-01
.0000000, .85943185E-01, .85943185E-01
.0000000, .85639477E-01, .85639477E-01
.0000000, .85535631E-01, .85535631E-01
.0000000, .85433371E-01, .85433371E-01
.0000000, .85342966E-01, .85342966E-01
.0000000, .85490093E-01, .85490093E-01
.0000000, .88249087E-01, .88249087E-01
.0000000, .86274520E-01, .86274520E-01
.0000000, .85344352E-01, .85344352E-01
.0000000, .86997360E-01, .86997360E-01
.0000000, .85659176E-01, .85659176E-01
.0000000, .85566878E-01, .85566878E-01
.0000000, .85447386E-01, .85447386E-01
.14557131, .92536390E-01, -.53034917E-01
.38738638, .10972427, -.27766210
.43539125, .11428760, -.32110363
.55291635, .10164736, -.45126897
.57085031, .98578773E-01, -.47227153
.57491332, .11818062, -.45673269
.56088144, .10850766, -.45237377
.49126172, .94989181E-01, -.39627254
.33711964, .10053796, -.23658168
.0000000, .10372916, .10372916
.0000000, .95570214E-01, .95570214E-01
.0000000, .91112427E-01, .91112427E-01
.0000000, .89972526E-01, .89972526E-01
.0000000, .88763878E-01, .88763878E-01
.0000000, .87619290E-01, .87619290E-01
.0000000, .87053962E-01, .87053962E-01
.0000000, .87230399E-01, .87230399E-01
.0000000, .98580897E-01, .98580897E-01
.0000000, .95636927E-01, .95636927E-01
.0000000, .95568597E-01, .95568597E-01
.0000000, .97045317E-01, .97045317E-01
.0000000, .94940506E-01, .94940506E-01
.0000000, .93693867E-01, .93693867E-01
.0000000, .90538859E-01, .90538859E-01
.15924770, .10182504, -.57422653E-01
.41877681, .11866134, -.30011547
.45751739, .11109367, -.34642372
.58613086, .96469164E-01, -.48966169
.60056120, .10130873, -.49925247
.59842849, .13081902, -.46760947
.58831358, .99176779E-01, -.48913682
.51664448, .95496930E-01, -.42114756
.35756877, .10737932, -.25018945
.0000000, .11316559, .11316559
.0000000, .96317105E-01, .96317105E-01
.0000000, .89920856E-01, .89920856E-01
.0000000, .96523069E-01, .96523069E-01
.0000000, .96482597E-01, .96482597E-01
.0000000, .91966338E-01, .91966338E-01
.0000000, .88756725E-01, .88756725E-01
.0000000, .87159969E-01, .87159969E-01
.0000000, .97749986E-01, .97749986E-01
.0000000, .96616521E-01, .96616521E-01
.0000000, .96495584E-01, .96495584E-01
.0000000, .96717872E-01, .96717872E-01
.0000000, .95490783E-01, .95490783E-01
.0000000, .94946273E-01, .94946273E-01
.0000000, .92735194E-01, .92735194E-01
.17684728, .10072593, -.76121345E-01
.41887408, .10990758, -.30896652
.44950229, .10698215, -.34252015
.57440704, .91974333E-01, -.48243272
.58647513, .96118301E-01, -.49035683
.58310843, .11787394, -.46523449
.57845747, .97248316E-01, -.48120916
.54155344, .90594307E-01, -.45095915
.37408078, .10517396, -.26890683
.0000000, .10556026, .10556026
.0000000, .88888928E-01, .88888928E-01
.0000000, .85817724E-01, .85817724E-01
.0000000, .94783396E-01, .94783396E-01
.0000000, .94537109E-01, .94537109E-01
.0000000, .91134489E-01, .91134489E-01
.0000000, .87234676E-01, .87234676E-01
.0000000, .86547732E-01, .86547732E-01
.0000000, .92440739E-01, .92440739E-01
.0000000, .91047019E-01, .91047019E-01
.0000000, .90378605E-01, .90378605E-01
.0000000, .89558199E-01, .89558199E-01
.0000000, .90277493E-01, .90277493E-01
.0000000, .91538079E-01, .91538079E-01
.0000000, .89563012E-01, .89563012E-01
.17550310, .96011482E-01, -.79491623E-01
.41335684, .10274041, -.31061643
.43085924, .10412575, -.32673347
.55543387, .96490785E-01, -.45894307
.56736714, .95950216E-01, -.47141692
.56662726, .10944197, -.45718530
.56476498, .10675334, -.45801163
.56122351, .93608171E-01, -.46761534
.37203091, .99575683E-01, -.27245522
.0000000, .10448003, .10448003
.0000000, .98834157E-01, .98834157E-01
.0000000, .91356494E-01, .91356494E-01
.0000000, .94280750E-01, .94280750E-01
.0000000, .94692275E-01, .94692275E-01
.0000000, .91633908E-01, .91633908E-01
.0000000, .88601425E-01, .88601425E-01
.0000000, .87542593E-01, .87542593E-01
.0000000, .88518560E-01, .88518560E-01
.0000000, .87712511E-01, .87712511E-01
.0000000, .86894214E-01, .86894214E-01
.0000000, .85605733E-01, .85605733E-01
.0000000, .87861151E-01, .87861151E-01
.0000000, .92551701E-01, .92551701E-01
.0000000, .95477939E-01, .95477939E-01
.16350839, .98332539E-01, -.65175846E-01
.36596280, .10439897, -.26156384
.38579804, .10532542, -.28047264
.50917923, .10881835, -.40036088
.52325571, .11028829, -.41296741
.53234100, .10161486, -.43072614
.53936470, .10111396, -.43825072
.53750837, .11431870, -.42318967
.37937266, .10888829, -.27048436
.0000000, .89771658E-01, .89771658E-01
.0000000, .95356733E-01, .95356733E-01
.0000000, .10062767, .10062767
.0000000, .10091418, .10091418
.0000000, .99523075E-01, .99523075E-01
.0000000, .98566175E-01, .98566175E-01
.0000000, .96629307E-01, .96629307E-01
.0000000, .95511302E-01, .95511302E-01
.0000000, .97082324E-01, .97082324E-01
.0000000, .95474720E-01, .95474720E-01
.0000000, .95448121E-01, .95448121E-01
.0000000, .94469562E-01, .94469562E-01
.0000000, .95570654E-01, .95570654E-01
.0000000, .97817764E-01, .97817764E-01
.0000000, .97074412E-01, .97074412E-01
.17848383, .10162754, -.76856285E-01
.41204426, .10629775, -.30574650
.42173561, .10913578, -.31259984
.56775904, .10431221, -.46344683
.58944625, .97606532E-01, -.49183971
.59796500, .10757657, -.49038842
.59753913, .11450808, -.48303103
.58732229, .96121535E-01, -.49120075
.41383097, .95952585E-01, -.31787837
.0000000, .11136630, .11136630
.0000000, .99296525E-01, .99296525E-01
.0000000, .87982453E-01, .87982453E-01
.0000000, .97385146E-01, .97385146E-01
.0000000, .10104762, .10104762
.0000000, .99020295E-01, .99020295E-01
.0000000, .96153192E-01, .96153192E-01
.0000000, .95406815E-01, .95406815E-01
.0000000, .92566282E-01, .92566282E-01
.0000000, .91759756E-01, .91759756E-01
.0000000, .90799540E-01, .90799540E-01
.0000000, .90322174E-01, .90322174E-01
.0000000, .91043413E-01, .91043413E-01
.0000000, .94014898E-01, .94014898E-01
.0000000, .93993917E-01, .93993917E-01
.18466924, .99153563E-01, -.85515678E-01
.42689919, .10564394, -.32125527
.45389602, .10906366, -.34483236
.59511632, .96377634E-01, -.49873868
.60672122, .95442757E-01, -.51127845
.61274868, .11527765, -.49747103
.61074591, .10523712, -.50550878
.60140306, .93478628E-01, -.50792444
.42404097, .10234044, -.32170054
.0000000, .11269707, .11269707
.0000000, .99540412E-01, .99540412E-01
.0000000, .88283733E-01, .88283733E-01
.0000000, .98777995E-01, .98777995E-01
.0000000, .10278356, .10278356
.0000000, .10012347, .10012347
.0000000, .95563143E-01, .95563143E-01
.0000000, .95541030E-01, .95541030E-01
.0000000, .89253500E-01, .89253500E-01
.0000000, .88837259E-01, .88837259E-01
.0000000, .88502474E-01, .88502474E-01
.0000000, .87141342E-01, .87141342E-01
.0000000, .89474872E-01, .89474872E-01
.0000000, .93698785E-01, .93698785E-01
.0000000, .92856660E-01, .92856660E-01
.17630082, .97649097E-01, -.78651726E-01
.41586766, .10359722, -.31227043
.41097540, .10570236, -.30527303
.55054671, .10463904, -.44590765
.56882560, .99613808E-01, -.46921179
.57875812, .92330329E-01, -.48642778
.58021951, .10386627, -.47635323
.58004647, .11337186, -.46667463
.41027635, .94882995E-01, -.31539336
.0000000, .87994069E-01, .87994069E-01
.0000000, .10453258, .10453258
.0000000, .10000077, .10000077
.0000000, .87770022E-01, .87770022E-01
.0000000, .91828555E-01, .91828555E-01
.0000000, .95522508E-01, .95522508E-01
.0000000, .93374766E-01, .93374766E-01
.0000000, .92091992E-01, .92091992E-01
.0000000, .87567240E-01, .87567240E-01
.0000000, .86834550E-01, .86834550E-01
.0000000, .86165220E-01, .86165220E-01
.0000000, .85266426E-01, .85266426E-01
.0000000, .86096823E-01, .86096823E-01
.0000000, .87884665E-01, .87884665E-01
.0000000, .87194413E-01, .87194413E-01
.17908503, .91063499E-01, -.88021532E-01
.41146830, .95128000E-01, -.31634030
.42223912, .98282568E-01, -.32395655
.56819111, .10168277, -.46650833
.58990651, .93799174E-01, -.49610734
.59872687, .92414364E-01, -.50631249
.59807026, .10836762, -.48970264
.58778387, .10630746, -.48147643
.41436470, .92394665E-01, -.32197005
.0000000, .91957174E-01, .91957174E-01
.0000000, .10407460, .10407460
.0000000, .99777743E-01, .99777743E-01
.0000000, .90325177E-01, .90325177E-01
.0000000, .93670800E-01, .93670800E-01
.0000000, .95174074E-01, .95174074E-01
.0000000, .93418583E-01, .93418583E-01
.0000000, .92378415E-01, .92378415E-01
.0000000, .89387313E-01, .89387313E-01
.0000000, .88813260E-01, .88813260E-01
.0000000, .88065855E-01, .88065855E-01
.0000000, .87657064E-01, .87657064E-01
.0000000, .88418223E-01, .88418223E-01
.0000000, .90308428E-01, .90308428E-01
.0000000, .89710757E-01, .89710757E-01
.18513346, .94585463E-01, -.90547994E-01
.42640913, .10033178, -.32607734
.45378712, .10446240, -.34932470
.59464133, .10553733, -.48910400
.60652727, .96027672E-01, -.51049960
.61218727, .99013373E-01, -.51317388
.61022574, .11353204, -.49669370
.60086912, .10785978, -.49300933
.42418116, .95020734E-01, -.32916042
.0000000, .97351462E-01, .97351462E-01
.0000000, .10689135, .10689135
.0000000, .10337763, .10337763
.0000000, .94821706E-01, .94821706E-01
.0000000, .97115844E-01, .97115844E-01
.0000000, .98818876E-01, .98818876E-01
.0000000, .97270757E-01, .97270757E-01
.0000000, .96165672E-01, .96165672E-01
.0000000, .93930505E-01, .93930505E-01
.0000000, .93366608E-01, .93366608E-01
.0000000, .92153460E-01, .92153460E-01
.0000000, .91824353E-01, .91824353E-01
.0000000, .92051104E-01, .92051104E-01
.0000000, .93132913E-01, .93132913E-01
.0000000, .94649576E-01, .94649576E-01
.18094689, .10240900, -.78537889E-01
.41380382, .10880254, -.30500126
.44274884, .11370745, -.32904139
.57419842, .11530969, -.45888874
.58590311, .10967419, -.47622892
.59262455, .10587668, -.48674786
.58781308, .11667550, -.47113758
.57918012, .12012783, -.45905229
.40540078, .10748358, -.29791719
.0000000, .10650902, .10650902
.0000000, .12669547, .12669547
.0000000, .12171665, .12171665
.0000000, .10768352, .10768352
.0000000, .11203326, .11203326
.0000000, .11544983, .11544983
.0000000, .11303268, .11303268
.0000000, .11130989, .11130989
.0000000, .10375895, .10375895
.0000000, .10279638, .10279638
.0000000, .10199858, .10199858
.0000000, .10016266, .10016266
.0000000, .10203049, .10203049
.0000000, .10508336, .10508336
.0000000, .10440038, .10440038
.17739870, .10792592, -.69472775E-01
.41611814, .11287887, -.30323929
.41399825, .11470400, -.29929423
.55250525, .11837654, -.43412870
.57086933, .11678742, -.45408189
.58085221, .10653586, -.47431636
.58224148, .11339170, -.46884978
.58202064, .12821376, -.45380688
.41153124, .11430785, -.29722339
.0000000, .10014012, .10014012
.0000000, .11379804, .11379804
.0000000, .11506996, .11506996
.0000000, .10906118, .10906118
.0000000, .10264253, .10264253
.0000000, .10588366, .10588366
.0000000, .10496470, .10496470
.0000000, .10344628, .10344628
.0000000, .88434689E-01, .88434689E-01
.0000000, .87834723E-01, .87834723E-01
.0000000, .87404385E-01, .87404385E-01
.0000000, .87094083E-01, .87094083E-01
.0000000, .86794458E-01, .86794458E-01
.0000000, .89109510E-01, .89109510E-01
.0000000, .90460666E-01, .90460666E-01
.17352146, .97841904E-01, -.75679556E-01
.41451728, .10824213, -.30627516
.43212360, .11107637, -.32104725
.58578885, .11179178, -.47399706
.60312438, .10173552, -.50138885
.60683191, .10574636, -.50108552
.59845650, .12193191, -.47652459
.58219486, .11232077, -.46987408
.40961936, .10243525, -.30718410
.0000000, .10942833, .10942833
.0000000, .11656751, .11656751
.0000000, .10909193, .10909193
.0000000, .97795948E-01, .97795948E-01
.0000000, .10419877, .10419877
.0000000, .10642569, .10642569
.0000000, .10151999, .10151999
.0000000, .10110153, .10110153
.0000000, .99157833E-01, .99157833E-01
.0000000, .96231796E-01, .96231796E-01
.0000000, .93302637E-01, .93302637E-01
.0000000, .89164704E-01, .89164704E-01
.0000000, .94632789E-01, .94632789E-01
.0000000, .99556729E-01, .99556729E-01
.0000000, .97233489E-01, .97233489E-01
.16973248, .99643350E-01, -.70089132E-01
.36542940, .10102807, -.26440132
.37565500, .10170048, -.27395451
.49330771, .10487000, -.38843772
.50047827, .10738219, -.39309609
.50972414, .10939987, -.40032429
.52175105, .11216947, -.40958157
.50923258, .11185841, -.39737415
.36953530, .10918331, -.26035199
.0000000, .10364693, .10364693
.0000000, .10364769, .10364769
.0000000, .10298946, .10298946
.0000000, .10146452, .10146452
.0000000, .10034950, .10034950
.0000000, .98180443E-01, .98180443E-01
.0000000, .98287225E-01, .98287225E-01
.0000000, .96309990E-01, .96309990E-01
.0000000, .97705975E-01, .97705975E-01
.0000000, .97769745E-01, .97769745E-01
.0000000, .97640783E-01, .97640783E-01
.0000000, .98557323E-01, .98557323E-01
.0000000, .97780526E-01, .97780526E-01
.0000000, .98077759E-01, .98077759E-01
.0000000, .98062381E-01, .98062381E-01
.0000000, .96564233E-01, .96564233E-01
.30608612, .10300345, -.20308268
.32620639, .10484650, -.22135988
.53585231, .10827544, -.42757687
.58732361, .11165205, -.47567156
.60475814, .10814443, -.49661371
.60765940, .10112828, -.50653112
.63621259, .11269839, -.52351421
.43691570, .11882812, -.31808758
.0000000, .96711345E-01, .96711345E-01
.0000000, .97178765E-01, .97178765E-01
.0000000, .11088260, .11088260
.0000000, .10771440, .10771440
.0000000, .10073905, .10073905
.0000000, .10212395, .10212395
.0000000, .10396549, .10396549
.0000000, .10362582, .10362582
.0000000, .10267820, .10267820
.0000000, .10197332, .10197332
.0000000, .10115680, .10115680
.0000000, .10124033, .10124033
.0000000, .99495627E-01, .99495627E-01
.0000000, .98621674E-01, .98621674E-01
.0000000, .97677365E-01, .97677365E-01
.18640235, .10122795, -.85174397E-01
.41135314, .10337967, -.30797347
.58442158, .10873828, -.47568330
.62191391, .11305764, -.50885630
.65094602, .11244890, -.53849709
.70870888, .10101847, -.60769039
.64527118, .10804702, -.53722417
.58734953, .12317831, -.46417123
.53591526, .11627611, -.41963914
.0000000, .97700797E-01, .97700797E-01
.0000000, .10457657, .10457657
.0000000, .10800031, .10800031
.0000000, .10457850, .10457850
.0000000, .10135520, .10135520
.0000000, .99508755E-01, .99508755E-01
.0000000, .97462267E-01, .97462267E-01
.0000000, .95798075E-01, .95798075E-01
.0000000, .96324876E-01, .96324876E-01
.0000000, .95078282E-01, .95078282E-01
.0000000, .93128040E-01, .93128040E-01
.0000000, .93463406E-01, .93463406E-01
.0000000, .93282066E-01, .93282066E-01
.0000000, .94477378E-01, .94477378E-01
.0000000, .93009934E-01, .93009934E-01
.20370720, .99491291E-01, -.10421591
.49770451, .10874406, -.38896045
.68132025, .11294205, -.56837821
.67000163, .97191885E-01, -.57280976
.66181070, .98040938E-01, -.56376976
.71835423, .12005918, -.59829503
.64713657, .11426134, -.53287524
.64856756, .99093616E-01, -.54947394
.58482730, .10819849, -.47662881
.30896249, .12605213, -.18291037
.0000000, .11074685, .11074685
.0000000, .94738819E-01, .94738819E-01
.0000000, .10294591, .10294591
.0000000, .11247888, .11247888
.0000000, .10751862, .10751862
.0000000, .98361716E-01, .98361716E-01
.0000000, .10068897, .10068897
.0000000, .10455273, .10455273
.0000000, .10227026, .10227026
.0000000, .98808527E-01, .98808527E-01
.0000000, .98042436E-01, .98042436E-01
.0000000, .95898092E-01, .95898092E-01
.0000000, .94147265E-01, .94147265E-01
.0000000, .92693724E-01, .92693724E-01
.0000000, .90720840E-01, .90720840E-01
.33627668, .93798667E-01, -.24247801
.41317934, .93674421E-01, -.31950492
.37553018, .92143349E-01, -.28338683
.45618850, .96702382E-01, -.35948610
.48294756, .99525593E-01, -.38342196
.43025833, .98567225E-01, -.33169112
.43759471, .99611841E-01, -.33798286
.36125407, .97924091E-01, -.26332998
.0000000, .91470093E-01, .91470093E-01
.0000000, .89579046E-01, .89579046E-01
.0000000, .89147687E-01, .89147687E-01
.0000000, .88187069E-01, .88187069E-01
.0000000, .87215208E-01, .87215208E-01
.0000000, .87262549E-01, .87262549E-01
.0000000, .86443752E-01, .86443752E-01
.0000000, .86467981E-01, .86467981E-01
.0000000, .85200652E-01, .85200652E-01
.0000000, .84479026E-01, .84479026E-01
.0000000, .84243193E-01, .84243193E-01
.0000000, .83980016E-01, .83980016E-01
.0000000, .83334774E-01, .83334774E-01
.0000000, .82672961E-01, .82672961E-01
.0000000, .81573896E-01, .81573896E-01
.16020530, .89102969E-01, -.71102336E-01
.33292219, .93734294E-01, -.23918790
.46647808, .97516716E-01, -.36896136
.52244240, .10506769, -.41737473
.55958760, .11002101, -.44956660
.62118351, .10926765, -.51191586
.56315827, .99267751E-01, -.46389052
.48365039, .10350153, -.38014886
.42652911, .10939980, -.31712931
.29033059, .10637407, -.18395652
.0000000, .97840488E-01, .97840488E-01
.0000000, .96031055E-01, .96031055E-01
.0000000, .94264612E-01, .94264612E-01
.0000000, .92072695E-01, .92072695E-01
.0000000, .91812685E-01, .91812685E-01
.0000000, .89359388E-01, .89359388E-01
.0000000, .87537773E-01, .87537773E-01
.0000000, .86653017E-01, .86653017E-01
.0000000, .88755995E-01, .88755995E-01
.0000000, .88281170E-01, .88281170E-01
.0000000, .90602964E-01, .90602964E-01
.0000000, .90200186E-01, .90200186E-01
.0000000, .88678837E-01, .88678837E-01
.44481143E-01, .95174223E-01, .50693080E-01
.18421964, .97075157E-01, -.87144487E-01
.38588396, .10069868, -.28518528
.51107502, .10297857, -.40809643
.51145375, .10442701, -.40702674
.56516254, .10759851, -.45756403
.55282849, .10816993, -.44465858
.50453621, .10433632, -.40019989
.42196757, .10275857, -.31920898
.49026877, .10902470, -.38124406
.0000000, .10422750, .10422750
.0000000, .96675716E-01, .96675716E-01
.0000000, .97579055E-01, .97579055E-01
.0000000, .10250407, .10250407
.0000000, .10238817, .10238817
.0000000, .99744737E-01, .99744737E-01
.0000000, .96601725E-01, .96601725E-01
.0000000, .97760186E-01, .97760186E-01
.0000000, .10082291, .10082291
.0000000, .99749699E-01, .99749699E-01
.0000000, .10189021, .10189021
.0000000, .10661326, .10661326
.0000000, .11357315, .11357315
.0000000, .12643173, .12643173
.0000000, .13474163, .13474163
.0000000, .13803719, .13803719
.0000000, .13992888, .13992888
.48030853, .15128672, -.32902181
.46152264, .14902577, -.31249687
.45355779, .13938212, -.31417567
.53891325, .14699003, -.39192322
.47462982, .15848807, -.31614175
.45210016, .14712834, -.30497181
.38849178, .13672312, -.25176865
.0000000, .14442016, .14442016
.0000000, .14788482, .14788482
.0000000, .14722025, .14722025
.0000000, .14062363, .14062363
.0000000, .13823059, .13823059
.0000000, .14262697, .14262697
.0000000, .14371687, .14371687
.0000000, .14327781, .14327781
.0000000, .13983196, .13983196
.0000000, .13944542, .13944542
.0000000, .14067158, .14067158
.0000000, .14029320, .14029320
.0000000, .13958308, .13958308
.0000000, .13888596, .13888596
.0000000, .13853487, .13853487
.0000000, .13809866, .13809866
.36324382, .14335042, -.21989340
.48725784, .14548409, -.34177375
.52847052, .14823340, -.38023710
.56484616, .15167785, -.41316831
.61327678, .13899980, -.47427696
.58038479, .14220361, -.43818116
.57867038, .16272162, -.41594875
.53621668, .14907224, -.38714445
.0000000, .13215776, .13215776
.0000000, .14434534, .14434534
.0000000, .15767978, .15767978
.0000000, .14788149, .14788149
.0000000, .13081773, .13081773
.0000000, .13873352, .13873352
.0000000, .14876804, .14876804
.0000000, .14562760, .14562760
.0000000, .13822247, .13822247
.0000000, .13906464, .13906464
.0000000, .14144796, .14144796
.0000000, .14023906, .14023906
.0000000, .13868976, .13868976
.0000000, .13761765, .13761765
.0000000, .13641734, .13641734
.18839431, .13894817, -.49446136E-01
.38482714, .14069079, -.24413635
.55706459, .14453107, -.41253352
.56114930, .14801461, -.41313469
.58661938, .15227418, -.43434519
.64930737, .14680313, -.50250423
.61638808, .14163789, -.47475019
.55858546, .15501465, -.40357083
.45874578, .16063604, -.29810974
.0000000, .13623546, .13623546
.0000000, .13659397, .13659397
.0000000, .15611544, .15611544
.0000000, .15198117, .15198117
.0000000, .13738962, .13738962
.0000000, .14188524, .14188524
.0000000, .14907603, .14907603
.0000000, .14727883, .14727883
.0000000, .14461972, .14461972
.0000000, .14348643, .14348643
.0000000, .14412734, .14412734
.0000000, .14320225, .14320225
.0000000, .14264955, .14264955
.0000000, .14105797, .14105797
.0000000, .14010590, .14010590
.22961870, .14311083, -.86507872E-01
.47755790, .14595646, -.33160144
.63372147, .15042193, -.48329955
.65018880, .15564761, -.49454120
.70386285, .15537165, -.54849118
.76730013, .14191750, -.62538266
.69754559, .15096773, -.54657787
.62881154, .17588119, -.45293033
.63897008, .15511036, -.48385972
.38300699, .14421485, -.23879214
.0000000, .15967380, .15967380
.0000000, .16690725, .16690725
.0000000, .14375463, .14375463
.0000000, .13790470, .13790470
.0000000, .15503716, .15503716
.0000000, .15126263, .15126263
.0000000, .14345413, .14345413
.0000000, .14450915, .14450915
.0000000, .14598271, .14598271
.0000000, .14689557, .14689557
.0000000, .14391074, .14391074
.0000000, .14097062, .14097062
.0000000, .14017545, .14017545
.0000000, .13828877, .13828877
.22488680, .13985202, -.85034788E-01
.43822616, .14045641, -.29776976
.57867014, .14276886, -.43590128
.58452713, .14582473, -.43870240
.63049740, .14823321, -.48226419
.59424734, .14778471, -.44646263
.59231251, .14656451, -.44574800
.54359210, .15204446, -.39154762
.52070451, .15049775, -.37020677
.0000000, .14076641, .14076641
.0000000, .13699517, .13699517
.0000000, .13594356, .13594356
.0000000, .13376360, .13376360
.0000000, .13163270, .13163270
.0000000, .12845761, .12845761
.0000000, .12708840, .12708840
.0000000, .12585238, .12585238
.0000000, .12492087, .12492087
.0000000, .12426294, .12426294
.0000000, .12228794, .12228794
.0000000, .12164744, .12164744
.0000000, .12118293, .12118293
.0000000, .12114304, .12114304
.0000000, .12173858, .12173858
.17297402, .12556902, -.47405005E-01
.35863730, .12824687, -.23039043
.46027964, .12983446, -.33044517
.47614300, .13279155, -.34335145
.56516272, .13963000, -.42553270
.54047358, .13819979, -.40227377
.58718866, .14170231, -.44548637
.51423788, .14352740, -.37071049
.49088037, .14378636, -.34709400
.0000000, .13675708, .13675708
.0000000, .13653284, .13653284
.0000000, .13751532, .13751532
.0000000, .13550223, .13550223
.0000000, .13372995, .13372995
.0000000, .13032976, .13032976
.0000000, .12722829, .12722829
.0000000, .12768175, .12768175
.0000000, .12841560, .12841560
.0000000, .12555648, .12555648
.0000000, .12369341, .12369341
.0000000, .12191195, .12191195
.0000000, .11804828, .11804828
.0000000, .11582547, .11582547
.0000000, .11467546, .11467546
.15043725, .11689510, -.33542149E-01
.30413783, .11926462, -.18487321
.46165669, .12615860, -.33549809
.44265479, .12776208, -.31489271
.45536301, .12583545, -.32952756
.48359859, .13179773, -.35180086
.50596166, .13326095, -.37270069
.40079361, .13476984, -.26602376
.37196082, .13013613, -.24182469
.0000000, .12170152, .12170152
.0000000, .11846003, .11846003
.0000000, .11719430, .11719430
.0000000, .11591218, .11591218
.0000000, .11461657, .11461657
.0000000, .11350483, .11350483
.0000000, .11248177, .11248177
.0000000, .11154274, .11154274
.0000000, .11071139, .11071139
.0000000, .11006363, .11006363
.0000000, .10946429, .10946429
.0000000, .10879034, .10879034
.0000000, .10817834, .10817834
.0000000, .10766567, .10766567
.0000000, .10711933, .10711933
.13835716, .11057950, -.27777664E-01
.32802024, .12435989, -.20366035
.46090323, .12568362, -.33521962
.49387503, .13590185, -.35797316
.57588267, .14282559, -.43305707
.56732523, .12556422, -.44176102
.57904857, .12597086, -.45307773
.44770670, .14277181, -.30493489
.41896206, .13964096, -.27932110
.0000000, .12927251, .12927251
.0000000, .12074755, .12074755
.0000000, .11737387, .11737387
.0000000, .11237220, .11237220
.0000000, .11137968, .11137968
.0000000, .11031090, .11031090
.0000000, .10949903, .10949903
.0000000, .10876822, .10876822
.0000000, .10798123, .10798123
.0000000, .10727900, .10727900
.0000000, .10668860, .10668860
.0000000, .10614191, .10614191
.0000000, .10562379, .10562379
.0000000, .10517211, .10517211
.0000000, .10468870, .10468870
.15277776, .11224978, -.40527984E-01
.40942195, .14187822, -.26754373
.59785211, .13313724, -.46471488
.62676013, .11624347, -.51051664
.69949734, .12401224, -.57548511
.71354687, .16906542, -.54448146
.72517300, .12272288, -.60245013
.56718868, .12223387, -.44495481
.52726305, .13392085, -.39334220
.0000000, .15575781, .15575781
.0000000, .13173014, .13173014
.0000000, .11867494, .11867494
.0000000, .13144726, .13144726
.0000000, .13477737, .13477737
.0000000, .13034832, .13034832
.0000000, .13030370, .13030370
.0000000, .12975553, .12975553
.0000000, .12912445, .12912445
.0000000, .12653962, .12653962
.0000000, .12520336, .12520336
.0000000, .12118211, .12118211
.0000000, .11954342, .11954342
.0000000, .12531140, .12531140
.0000000, .12447964, .12447964
.22305194, .13929844, -.83753496E-01
.51496536, .14612140, -.36884397
.69136399, .11670306, -.57466090
.69844609, .11878892, -.57965720
.73266220, .16439241, -.56826979
.72975695, .12747669, -.60228026
.76342392, .12317365, -.64025027
.67203760, .14800578, -.52403182
.63372433, .17709127, -.45663306
.0000000, .12702683, .12702683
.0000000, .12185945, .12185945
.0000000, .14299834, .14299834
.0000000, .15636528, .15636528
.0000000, .12419852, .12419852
.0000000, .11900105, .11900105
.0000000, .14174330, .14174330
.0000000, .13772833, .13772833
.0000000, .12001596, .12001596
.0000000, .12623137, .12623137
.0000000, .13292491, .13292491
.0000000, .12985235, .12985235
.0000000, .12740102, .12740102
.0000000, .12627928, .12627928
.0000000, .12626177, .12626177
.22956032, .13476484, -.94795480E-01
.53267157, .14109498, -.39157659
.70256013, .12602888, -.57653123
.70093745, .12375711, -.57718033
.73352939, .15189259, -.58163679
.70593691, .14630781, -.55962908
.76881123, .12527186, -.64353937
.66722071, .13450967, -.53271103
.62827075, .17427614, -.45399460
.0000000, .13700293, .13700293
.0000000, .12414831, .12414831
.0000000, .14036965, .14036965
.0000000, .15141469, .15141469
.0000000, .14221293, .14221293
.0000000, .12139357, .12139357
.0000000, .12880881, .12880881
.0000000, .14115964, .14115964
.0000000, .13815452, .13815452
.0000000, .12410811, .12410811
.0000000, .12714130, .12714130
.0000000, .13435264, .13435264
.0000000, .13312526, .13312526
.0000000, .13132788, .13132788
.0000000, .12793513, .12793513
.23577042, .13208708, -.10368334
.52807701, .13780701, -.39026999
.64862788, .14361385, -.50501406
.64786208, .13097228, -.51688981
.67442262, .12973645, -.54468620
.68870395, .15367705, -.53502691
.76814699, .15113151, -.61701548
.67902160, .12873679, -.55028480
.65700054, .13537998, -.52162057
.0000000, .16576114, .16576114
.0000000, .13375705, .13375705
.0000000, .12111376, .12111376
.0000000, .13554311, .13554311
.0000000, .13713624, .13713624
.0000000, .13354620, .13354620
.0000000, .13008246, .13008246
.0000000, .12768917, .12768917
.0000000, .12542799, .12542799
.0000000, .12386813, .12386813
.0000000, .12245581, .12245581
.0000000, .12055466, .12055466
.0000000, .11842052, .11842052
.0000000, .11731011, .11731011
.0000000, .11634347, .11634347
.19167884, .11847159, -.73207252E-01
.40702817, .12136254, -.28566563
.51242697, .12245689, -.38997006
.51911771, .12457283, -.39454490
.58630145, .12838176, -.45791969
.61623019, .13334459, -.48288560
.62392199, .13668811, -.48723388
.52165288, .13125640, -.39039648
.50629419, .12657990, -.37971431
.0000000, .13030671, .13030671
.0000000, .12811713, .12811713
.0000000, .12601238, .12601238
.0000000, .12449787, .12449787
.0000000, .12128958, .12128958
.0000000, .11949345, .11949345
.0000000, .11574331, .11574331
.0000000, .11371803, .11371803
.0000000, .10926579, .10926579
.0000000, .10959966, .10959966
.0000000, .10972956, .10972956
.0000000, .10764082, .10764082
.0000000, .10727861, .10727861
.0000000, .10830692, .10830692
.0000000, .10903488, .10903488
.18447447, .11571164, -.68762824E-01
.40145868, .11931585, -.28214282
.57967788, .12999043, -.44968745
.61579269, .13470159, -.48109108
.65123832, .11837889, -.53285944
.66986823, .12034586, -.54952240
.65962774, .14272429, -.51690346
.56580400, .13767882, -.42812520
.52736604, .11667126, -.41069478
.0000000, .11799261, .11799261
.0000000, .13788927, .13788927
.0000000, .13050258, .13050258
.0000000, .11356980, .11356980
.0000000, .12126791, .12126791
.0000000, .13289805, .13289805
.0000000, .12939809, .12939809
.0000000, .11226068, .11226068
.0000000, .11706500, .11706500
.0000000, .13007316, .13007316
.0000000, .12791167, .12791167
.0000000, .11360776, .11360776
.0000000, .11681095, .11681095
.0000000, .12684506, .12684506
.0000000, .12524483, .12524483
.23581964, .12242287, -.11339676
.49650380, .12251438, -.37398940
.64642429, .13028955, -.51613474
.69473851, .13569233, -.55904615
.75479668, .11908830, -.63570839
.75160789, .12000567, -.63160223
.74708962, .14735371, -.59973592
.63635880, .13682422, -.49953458
.62250763, .11589783, -.50660980
.33028901, .12313908, -.20714992
.0000000, .14585079, .14585079
.0000000, .12623987, .12623987
.0000000, .11048577, .11048577
.0000000, .12532303, .12532303
.0000000, .13197696, .13197696
.0000000, .12801006, .12801006
.0000000, .12284674, .12284674
.0000000, .14015841, .14015841
.0000000, .16144544, .16144544
.0000000, .15640083, .15640083
.0000000, .14385493, .14385493
.0000000, .14925420, .14925420
.0000000, .15192723, .15192723
.42248491E-01, .15292129, .11067280
.19973083, .15273163, -.46999201E-01
.39643198, .15300003, -.24343196
.53157115, .15571731, -.37585384
.53882504, .15839252, -.38043252
.58051628, .15826654, -.42224973
.58704549, .14986923, -.43717626
.54511386, .15069382, -.39442003
.46987617, .16075344, -.30912274
.45713276, .16030540, -.29682738
.30373389, .15141818, -.15231571
.0000000, .14596391, .14596391
.0000000, .15660562, .15660562
.0000000, .15535860, .15535860
.0000000, .14050019, .14050019
.0000000, .14326964, .14326964
.0000000, .15376964, .15376964
.0000000, .15237918, .15237918
.0000000, .14492917, .14492917
.0000000, .14334293, .14334293
.0000000, .14894284, .14894284
.0000000, .14844131, .14844131
.0000000, .14656730, .14656730
.0000000, .14516655, .14516655
.0000000, .14421391, .14421391
.21135008, .14772736, -.63622728E-01
.41836834, .14880045, -.26956791
.53677982, .15106823, -.38571161
.55891329, .15434870, -.40456459
.57736039, .15520148, -.42215890
.58069134, .15019792, -.43049341
.58119953, .14857893, -.43262058
.49912441, .15923379, -.33989060
.48752439, .15761225, -.32991213
.0000000, .14007954, .14007954
.0000000, .14588478, .14588478
.0000000, .15926670, .15926670
.0000000, .15406854, .15406854
.0000000, .13643421, .13643421
.0000000, .14362156, .14362156
.0000000, .15486619, .15486619
.0000000, .15369086, .15369086
.0000000, .14031430, .14031430
.0000000, .14179410, .14179410
.0000000, .15007353, .15007353
.0000000, .14899287, .14899287
.0000000, .14723305, .14723305
.0000000, .14517361, .14517361
.0000000, .14469479, .14469479
.20548998, .14854841, -.56941569E-01
.44977969, .14941023, -.30036944
.56301355, .15343156, -.40958199
.57032651, .15631850, -.41400802
.62379718, .15592885, -.46786833
.62588096, .14868556, -.47719538
.63255847, .15268798, -.47987050
.55247748, .16502532, -.38745216
.53272772, .15371190, -.37901580
.0000000, .14072475, .14072475
.0000000, .15664934, .15664934
.0000000, .16203360, .16203360
.0000000, .14178349, .14178349
.0000000, .14019555, .14019555
.0000000, .15766953, .15766953
.0000000, .15548274, .15548274
.0000000, .14224303, .14224303
.0000000, .14463302, .14463302
.0000000, .15793598, .15793598
.0000000, .15525317, .15525317
.0000000, .14058974, .14058974
.0000000, .14371927, .14371927
.0000000, .15204743, .15204743
.0000000, .15296258, .15296258
.0000000, .15145166, .15145166
.50150621, .15314531, -.34836090
.59408247, .15727316, -.43680930
.61739862, .15915415, -.45824447
.65104693, .16089314, -.49015379
.60117543, .15600660, -.44516882
.56680179, .15703321, -.40976858
.0000000, .16107422, .16107422
.0000000, .15792808, .15792808
.0000000, .14801760, .14801760
.0000000, .15181766, .15181766
.0000000, .15420581, .15420581
.0000000, .14418349, .14418349
.0000000, .14013153, .14013153
.0000000, .13683200, .13683200
.0000000, .13424878, .13424878
.0000000, .13243032, .13243032
.0000000, .13025728, .13025728
.0000000, .12793341, .12793341
.0000000, .12622763, .12622763
.0000000, .12419182, .12419182
.0000000, .12318449, .12318449
.0000000, .12262086, .12262086
.0000000, .12203839, .12203839
.0000000, .12207183, .12207183
.27769470, .12507497, -.15261973
.36888066, .12528130, -.24359936
.42029566, .12939677, -.29089889
.50702071, .13633052, -.37069020
.46765387, .13342145, -.33423242
.46413991, .13536198, -.32877791
.46419406, .13718805, -.32700601
.38875946, .13681217, -.25194728
.29961666, .13904649, -.16057017
.0000000, .13082352, .13082352
.0000000, .12777305, .12777305
.0000000, .12312876, .12312876
.0000000, .12196928, .12196928
.0000000, .12088858, .12088858
.0000000, .12012181, .12012181
.0000000, .11946023, .11946023
.0000000, .11891057, .11891057
.0000000, .11858308, .11858308
.0000000, .11826308, .11826308
.0000000, .11797628, .11797628
.0000000, .11770333, .11770333
.0000000, .11728317, .11728317
.34025095E-01, .12096909, .86943999E-01
.16048455, .12386116, -.36623389E-01
.36413485, .13777535, -.22635950
.52153647, .15115401, -.37038246
.50704879, .14877293, -.35827586
.55392802, .13789725, -.41603076
.57113552, .14648949, -.42464602
.59120607, .16423164, -.42697442
.50299746, .14355831, -.35943913
.46426344, .13629285, -.32797059
.0000000, .15376019, .15376019
.0000000, .15223920, .15223920
.0000000, .13378201, .13378201
.0000000, .13843964, .13843964
.0000000, .14770985, .14770985
.0000000, .15260312, .15260312
.0000000, .15207252, .15207252
.0000000, .14098047, .14098047
.0000000, .13804822, .13804822
.0000000, .14630595, .14630595
.0000000, .14482534, .14482534
.0000000, .14418867, .14418867
.0000000, .14375585, .14375585
.0000000, .14303868, .14303868
.0000000, .14260137, .14260137
.19792026, .14795290, -.49967363E-01
.42366487, .15394181, -.26972306
.61139327, .16402692, -.44736636
.59652245, .13730451, -.45921794
.67418587, .13594556, -.53824031
.67386574, .17281991, -.50104582
.62483549, .14748113, -.47735435
.52465242, .13725184, -.38740057
.58117354, .16202241, -.41915113
.37942719, .17595431, -.20347288
.0000000, .13457195, .13457195
.0000000, .13100870, .13100870
.0000000, .15466215, .15466215
.0000000, .14925934, .14925934
.0000000, .13820854, .13820854
.0000000, .13596475, .13596475
.0000000, .13119842, .13119842
.0000000, .12891179, .12891179
.0000000, .12628457, .12628457
.0000000, .12749113, .12749113
.0000000, .12625809, .12625809
.0000000, .12522930, .12522930
.0000000, .12605295, .12605295
.43668993E-01, .13204893, .88379942E-01
.19667980, .13942787, -.57251930E-01
.44024974, .15419090, -.28605884
.56621665, .15267953, -.41353711
.58083862, .13305035, -.44778827
.61124200, .13899720, -.47224480
.60868275, .16501841, -.44366434
.56445938, .15457113, -.40988827
.48535979, .13481122, -.35054857
.38658285, .14471662, -.24186623
.0000000, .16242775, .16242775
.0000000, .15473500, .15473500
.0000000, .13536796, .13536796
.0000000, .14444296, .14444296
.0000000, .15670760, .15670760
.0000000, .15297326, .15297326
.0000000, .13823336, .13823336
.0000000, .14209887, .14209887
.0000000, .14715435, .14715435
.0000000, .14651488, .14651488
.0000000, .14597628, .14597628
.0000000, .14459488, .14459488
.0000000, .14455850, .14455850
.0000000, .14461204, .14461204
.0000000, .14414570, .14414570
.19289798, .14870153, -.44196442E-01
.0000000, .14569075, .14569075
.49323577, .14843820, -.34479755
.55840826, .15110336, -.40730488
.58868921, .15335043, -.43533880
.51990139, .15047249, -.36942890
.55170667, .14692917, -.40477750
.46320337, .15153974, -.31166363
.0000000, .15081520, .15081520
.0000000, .14507985, .14507985
.0000000, .14079617, .14079617
.0000000, .14508571, .14508571
.0000000, .14449322, .14449322
.0000000, .14172353, .14172353
.0000000, .14043070, .14043070
.0000000, .13940774, .13940774
.0000000, .13920347, .13920347
.0000000, .13778077, .13778077
.0000000, .13628908, .13628908
.0000000, .13471548, .13471548
.0000000, .13397256, .13397256
.0000000, .13355803, .13355803
.0000000, .13301122, .13301122
.0000000, .13218838, .13218838
.16815636, .13587596, -.32280400E-01
.32896763, .13710070, -.19186693
.40491050, .13678214, -.26812837
.41995764, .13829155, -.28166610
.48582786, .14170536, -.34412250
.53085935, .14414087, -.38671848
.51404226, .14695817, -.36708409
.43798605, .14715314, -.29083291
.40808034, .14794329, -.26013705
.0000000, .14256236, .14256236
.0000000, .14945716, .14945716
.0000000, .14711708, .14711708
.0000000, .14635494, .14635494
.0000000, .14450020, .14450020
.0000000, .14332120, .14332120
.0000000, .14169286, .14169286
.0000000, .14126223, .14126223
.0000000, .14017349, .14017349
.0000000, .13923261, .13923261
.0000000, .13879874, .13879874
.0000000, .13816649, .13816649
.0000000, .13848177, .13848177
.0000000, .13958198, .13958198
.0000000, .13755231, .13755231
.0000000, .13651460, .13651460
.39236778, .14327659, -.24909119
.55090755, .15216163, -.39874592
.56941003, .15739518, -.41201484
.62599003, .15276287, -.47322714
.62851042, .14291625, -.48559415
.65058815, .15891764, -.49167052
.56199068, .16852611, -.39346457
.57102704, .14576240, -.42526466
.32689950, .14477228, -.18212722
.0000000, .16412508, .16412508
.0000000, .15484679, .15484679
.0000000, .14083701, .14083701
.0000000, .14570352, .14570352
.0000000, .14118171, .14118171
.0000000, .13282940, .13282940
.0000000, .13494802, .13494802
.0000000, .13498652, .13498652
.0000000, .14027847, .14027847
.0000000, .13891593, .13891593
.0000000, .13902608, .13902608
.0000000, .13795489, .13795489
.0000000, .13853069, .13853069
.40550433E-01, .14118038, .10062995
.19414428, .14584400, -.48300281E-01
.41750133, .15065283, -.26684850
.54256207, .15689139, -.38567066
.58154309, .16333605, -.41820705
.65798533, .14562565, -.51235968
.64922917, .14214505, -.50708413
.62382734, .17097060, -.45285672
.50387341, .16242175, -.34145164
.58492410, .14159301, -.44333109
.37252969, .15201059, -.22051910
.0000000, .16794524, .16794524
.0000000, .16078913, .16078913
.0000000, .13921739, .13921739
.0000000, .14529233, .14529233
.0000000, .15627341, .15627341
.0000000, .15436020, .15436020
.0000000, .15049082, .15049082
.0000000, .14683011, .14683011
.0000000, .14752886, .14752886
.0000000, .14748594, .14748594
.0000000, .14577003, .14577003
.0000000, .14428011, .14428011
.0000000, .14334655, .14334655
.51678941E-01, .14720826, .95529318E-01
.23486611, .15460029, -.80265820E-01
.46549046, .15853420, -.30695626
.60778672, .15022458, -.45756215
.62107301, .14172016, -.47935283
.70313776, .16040994, -.54272783
.70328981, .16817701, -.53511280
.71345460, .14609629, -.56735831
.59246629, .15256956, -.43989673
.57545632, .19028944, -.38516688
.40189707, .16844629, -.23345079
.0000000, .14166199, .14166199
.0000000, .14956301, .14956301
.0000000, .15766305, .15766305
.0000000, .15594989, .15594989
.0000000, .15300007, .15300007
.0000000, .15031341, .15031341
.0000000, .15019299, .15019299
.0000000, .15013719, .15013719
.0000000, .14890870, .14890870
.0000000, .14667059, .14667059
.0000000, .14738277, .14738277
.0000000, .14826399, .14826399
.0000000, .14664133, .14664133
.0000000, .14633282, .14633282
.0000000, .14591919, .14591919
.0000000, .14662243, .14662243
.49972272, .15100279, -.34871992
.49877131, .15406954, -.34470177
.57173246, .15705360, -.41467887
.57759893, .15877312, -.41882581
.54187518, .15269150, -.38918370
.46663901, .15014014, -.31649888
.56336427, .16173905, -.40162522
.0000000, .15855461, .15855461
.0000000, .14116731, .14116731
.0000000, .14608064, .14608064
.0000000, .16017267, .16017267
.0000000, .15680473, .15680473
.0000000, .14292014, .14292014
.0000000, .14558135, .14558135
.0000000, .15251479, .15251479
.0000000, .15129367, .15129367
.0000000, .14961547, .14961547
.0000000, .14687343, .14687343
.0000000, .14602815, .14602815
.0000000, .14458816, .14458816
.0000000, .14267859, .14267859
.0000000, .14202970, .14202970
.18336122, .14352666, -.39834559E-01
.39015815, .14393859, -.24621956
.51853645, .14566962, -.37286681
.55868071, .14912219, -.40955853
.64096391, .15203807, -.48892584
.64124167, .15762982, -.48361185
.64863449, .15921058, -.48942393
.59750158, .15287313, -.44462845
.53537124, .14957888, -.38579237
.39514095, .15952669, -.23561426
.0000000, .15681915, .15681915
.0000000, .14676011, .14676011
.0000000, .14545304, .14545304
.0000000, .15258223, .15258223
.0000000, .15073943, .15073943
.0000000, .14496739, .14496739
.0000000, .14002593, .14002593
.0000000, .13639233, .13639233
.0000000, .13242429, .13242429
.0000000, .12869135, .12869135
.0000000, .12650149, .12650149
.0000000, .12521389, .12521389
.0000000, .12123738, .12123738
.41541815E-01, .12558928, .84047467E-01
.20158549, .13587475, -.65710738E-01
.46424651, .14879012, -.31545639
.62286007, .15437914, -.46848094
.64939833, .15209824, -.49730009
.71918082, .14103407, -.57814676
.72088569, .15564546, -.56524026
.73114467, .17751780, -.55362689
.63293564, .15203451, -.48090112
.56538486, .14645442, -.41893044
.41324374, .17621998, -.23702376
.0000000, .16288756, .16288756
.0000000, .14091676, .14091676
.0000000, .14549564, .14549564
.0000000, .15299432, .15299432
.0000000, .14870545, .14870545
.0000000, .14604148, .14604148
.0000000, .14267333, .14267333
.0000000, .13893743, .13893743
.0000000, .13632274, .13632274
.0000000, .13332060, .13332060
.0000000, .13398737, .13398737
.0000000, .13137335, .13137335
.0000000, .12968776, .12968776
.49500115E-01, .13813740, .88637285E-01
.22785285, .14289610, -.84956750E-01
.47067547, .14947996, -.32119551
.64835387, .15685275, -.49150112
.67178947, .14461404, -.52717543
.73893404, .13814764, -.60078639
.74759895, .16539419, -.58220476
.72486949, .16918716, -.55568230
.63462842, .14363295, -.49099547
.57523787, .14987463, -.42536324
.40814370, .17771283, -.23043087
.0000000, .16125771, .16125771
.0000000, .13796753, .13796753
.0000000, .14517994, .14517994
.0000000, .15529057, .15529057
.0000000, .14992210, .14992210
.0000000, .14439999, .14439999
.0000000, .14345059, .14345059
.0000000, .14337113, .14337113
.0000000, .14228746, .14228746
.0000000, .14026380, .14026380
.0000000, .13957812, .13957812
.0000000, .13730904, .13730904
.0000000, .13608076, .13608076
.58654509E-01, .14107531, .82420804E-01
.27567044, .14703830, -.12863214
.55308068, .14992212, -.40315855
.71451735, .13771191, -.57680547
.70492542, .13419980, -.57072562
.75605905, .15762317, -.59843588
.73993468, .16103573, -.57889897
.75119001, .13736820, -.61382180
.71013731, .14765966, -.56247765
.66644114, .18350405, -.48293710
.51373386, .16422130, -.34951258
.0000000, .13314033, .13314033
.0000000, .14271164, .14271164
.0000000, .16873115, .16873115
.0000000, .15221056, .15221056
.0000000, .12759990, .12759990
.0000000, .13809597, .13809597
.0000000, .15282902, .15282902
.0000000, .14820316, .14820316
.0000000, .13378429, .13378429
.0000000, .13559172, .13559172
.0000000, .14146644, .14146644
.0000000, .13984516, .13984516
.0000000, .13783956, .13783956
.54494888E-01, .13919050, .84695607E-01
.17759421, .13831522, -.39278999E-01
.43852431, .13690406, -.30162024
.54341441, .13618718, -.40722722
.57796538, .13700168, -.44096369
.59062982, .13858569, -.45204413
.54663998, .13915846, -.40748152
.55395544, .14189589, -.41205955
.53356874, .14288929, -.39067945
.46867645, .14514843, -.32352802
.0000000, .14665185, .14665185
.0000000, .15154490, .15154490
.0000000, .15785940, .15785940
.0000000, .15753914, .15753914
.0000000, .15316838, .15316838
.0000000, .15269804, .15269804
.0000000, .15272096, .15272096
.0000000, .15050142, .15050142
.0000000, .14961305, .14961305
.0000000, .14833757, .14833757
.0000000, .14676164, .14676164
.0000000, .14269455, .14269455
.0000000, .13985340, .13985340
.0000000, .13900867, .13900867
.0000000, .13694680, .13694680
.17077532, .13944475, -.31330571E-01
.33561620, .14109248, -.19452372
.45839125, .14372906, -.31466219
.50671977, .14732066, -.35939911
.41439271, .14857557, -.26581714
.49464709, .14680760, -.34783947
.51186281, .15182808, -.36003473
.49099579, .15439782, -.33659798
.45738852, .15710990, -.30027860
.33975145, .15727955, -.18247190
.0000000, .15357521, .15357521
.0000000, .15354344, .15354344
.0000000, .14890105, .14890105
.0000000, .14903021, .14903021
.0000000, .14736724, .14736724
.0000000, .14735547, .14735547
.0000000, .14632767, .14632767
.0000000, .14401934, .14401934
.0000000, .14339675, .14339675
.0000000, .14232640, .14232640
.0000000, .14141873, .14141873
.0000000, .14091615, .14091615
.0000000, .13969855, .13969855
.51008433E-01, .14333530, .92326865E-01
.22187719, .14831142, -.73565766E-01
.46173400, .15200642, -.30972758
.58121061, .15493646, -.42627415
.64136571, .15818001, -.48318571
.66647565, .15822318, -.50825250
.58787799, .14789037, -.43998760
.67151076, .15700683, -.51450396
.67432320, .17099410, -.50332910
.57596314, .15516880, -.42079434
.35464627, .14601073, -.20863554
.0000000, .16338377, .16338377
.0000000, .16356210, .16356210
.0000000, .14678904, .14678904
.0000000, .14697273, .14697273
.0000000, .15683118, .15683118
.0000000, .15641443, .15641443
.0000000, .15262257, .15262257
.0000000, .14961287, .14961287
.0000000, .14923035, .14923035
.0000000, .15077829, .15077829
.0000000, .15155043, .15155043
.0000000, .15180747, .15180747
.0000000, .15016448, .15016448
.0000000, .14883375, .14883375
.0000000, .14693192, .14693192
.0000000, .14698172, .14698172
.0000000, .14655842, .14655842
.44737306, .14763442, -.29973865
.56346226, .14997223, -.41349003
.60446125, .15487170, -.44958955
.58254832, .15921170, -.42333663
.57897949, .16188537, -.41709411
.40310293, .16266133, -.24044161
.0000000, .15284064, .15284064
.0000000, .14976485, .14976485
.0000000, .15475577, .15475577
.0000000, .15509610, .15509610
.0000000, .15363555, .15363555
.0000000, .15243179, .15243179
.0000000, .15133542, .15133542
.0000000, .14985831, .14985831
.0000000, .14804113, .14804113
.0000000, .14685495, .14685495
.0000000, .14558172, .14558172
.0000000, .14399312, .14399312
.0000000, .14258535, .14258535
.0000000, .14164908, .14164908
.0000000, .14095390, .14095390
.0000000, .13993885, .13993885
.37706143, .14097519, -.23608623
.52502716, .14313200, -.38189515
.57759857, .14540148, -.43219709
.61602378, .14942285, -.46660092
.62876540, .15351811, -.47524729
.63949752, .15737057, -.48212695
.53541619, .15858582, -.37683037
.41812992, .15864226, -.25948766
.0000000, .15385209, .15385209
.0000000, .15055026, .15055026
.0000000, .14849767, .14849767
.0000000, .14681137, .14681137
.0000000, .14519618, .14519618
.0000000, .14257781, .14257781
.0000000, .13989568, .13989568
.0000000, .13731438, .13731438
.0000000, .13623758, .13623758
.0000000, .13472109, .13472109
.0000000, .13393217, .13393217
.0000000, .13347642, .13347642
.0000000, .13367511, .13367511
.0000000, .13269250, .13269250
.48836701E-01, .13556546, .86728759E-01
.21015340, .13697484, -.73178560E-01
.41945863, .13903762, -.28042102
.54570943, .14157175, -.40413767
.59938318, .14652184, -.45286134
.61557293, .15119728, -.46437564
.58921611, .15288550, -.43633062
.59143382, .15808393, -.43334991
.54820615, .15805715, -.39014900
.49550140, .15852863, -.33697277
.37087148, .15481883, -.21605265
.0000000, .14545897, .14545897
.0000000, .14714427, .14714427
.0000000, .14537835, .14537835
.0000000, .14280073, .14280073
.0000000, .14010234, .14010234
.0000000, .13617979, .13617979
.0000000, .13220622, .13220622
.0000000, .12937421, .12937421
.0000000, .12609300, .12609300
.0000000, .12534547, .12534547
.0000000, .12109037, .12109037
.0000000, .12232430, .12232430
.0000000, .11968428, .11968428
.42598322E-01, .12354382, .80945499E-01
.38397744, .13714387, -.24683358
.41884178, .14384173, -.27500004
.54816443, .14841615, -.39974827
.62019765, .15490744, -.46529022
.63520068, .15768544, -.47751522
.65822536, .14840689, -.50981843
.64081222, .15017414, -.49063808
.57215846, .16784880, -.40430966
.51373816, .17033407, -.34340408
.36208421, .15523914, -.20684507
.0000000, .14647117, .14647117
.0000000, .14701155, .14701155
.0000000, .13844241, .13844241
.0000000, .13429672, .13429672
.0000000, .12633622, .12633622
.0000000, .11981287, .11981287
.0000000, .11857931, .11857931
.0000000, .11751360, .11751360
.0000000, .12035613, .12035613
.0000000, .11576442, .11576442
.0000000, .11519139, .11519139
.0000000, .11450325, .11450325
.0000000, .11382919, .11382919
.42455941E-01, .12421773, .81761792E-01
.44283780, .15156236, -.29127544
.47124428, .15513237, -.31611192
.62734365, .13175392, -.49558973
.68886197, .13403428, -.55482769
.71591735, .17582315, -.54009420
.71301979, .15114851, -.56187129
.69806111, .13518271, -.56287837
.62291670, .15829489, -.46462181
.55102867, .18279698, -.36823168
.39458269, .16749126, -.22709143
.0000000, .13434798, .13434798
.0000000, .14317368, .14317368
.0000000, .15995358, .15995358
.0000000, .15461855, .15461855
.0000000, .13622229, .13622229
.0000000, .13836515, .13836515
.0000000, .14893521, .14893521
.0000000, .14965767, .14965767
.0000000, .13858432, .13858432
.0000000, .13129902, .13129902
.0000000, .14168444, .14168444
.0000000, .15438843, .15438843
.0000000, .15411969, .15411969
.0000000, .15327264, .15327264
.36788011, .15626600, -.21161410
.37021121, .15814149, -.21206972
.52617443, .16100070, -.36517373
.57667857, .16172488, -.41495371
.64511675, .15721679, -.48789996
.59703350, .15309492, -.44393858
.66994715, .16648337, -.50346375
.60640287, .16755500, -.43884787
.54732627, .15369952, -.39362675
.41712719, .15930787, -.25781932
.0000000, .17251579, .17251579
.0000000, .15713185, .15713185
.0000000, .14068097, .14068097
.0000000, .15498981, .15498981
.0000000, .15513642, .15513642
.0000000, .14971043, .14971043
.0000000, .14717376, .14717376
.0000000, .14329499, .14329499
.0000000, .14209118, .14209118
.0000000, .13902004, .13902004
.0000000, .13582301, .13582301
.0000000, .13461319, .13461319
.0000000, .13290021, .13290021
.52912328E-01, .14041051, .87498188E-01
.43311888, .15357488, -.27954400
.51518124, .16872983, -.34645140
.67470592, .16031353, -.51439238
.74736708, .13863966, -.60872746
.75973499, .15474369, -.60499132
.77675056, .19533324, -.58141732
.76405334, .16273442, -.60131896
.71221703, .14779386, -.56442320
.60896218, .17583482, -.43312734
.39444518, .19964474, -.19480044
.0000000, .15679824, .15679824
.0000000, .14132464, .14132464
.0000000, .16384825, .16384825
.0000000, .16271836, .16271836
.0000000, .15489963, .15489963
.0000000, .15082157, .15082157
.0000000, .15150957, .15150957
.0000000, .14580049, .14580049
.0000000, .14572749, .14572749
.0000000, .14283927, .14283927
.0000000, .14313881, .14313881
.0000000, .14400601, .14400601
.0000000, .14675716, .14675716
.60646161E-01, .14948438, .88838220E-01
.47140074, .15043633, -.32096440
.50103658, .15442240, -.34661418
.66484821, .15713319, -.50771499
.72674429, .14736038, -.57938391
.72146213, .14668888, -.57477325
.74329978, .16670147, -.57659829
.69372809, .15898643, -.53474164
.62960738, .14191386, -.48769352
.0000000, .15256777, .15256777
.0000000, .16774699, .16774699
.0000000, .14801237, .14801237
.0000000, .13449228, .13449228
.0000000, .15641989, .15641989
.0000000, .16137618, .16137618
.0000000, .15065640, .15065640
.0000000, .14318672, .14318672
.0000000, .16006973, .16006973
.0000000, .16190180, .16190180
.0000000, .15633337, .15633337
.0000000, .14862508, .14862508
.0000000, .15351602, .15351602
.0000000, .15515643, .15515643
.0000000, .15319960, .15319960
.46536490E-01, .15399703, .10746054
.46480626, .15308398, -.31172228
.53101152, .15610510, -.37490642
.68840230, .16322556, -.52517676
.65650839, .16784829, -.48866010
.76789665, .17074443, -.59715223
.77420449, .16721569, -.60698879
.74627250, .15840411, -.58786839
.78151071, .17074160, -.61076909
.68937683, .18890926, -.50046754
.48984516, .17118526, -.31865990
.0000000, .15705989, .15705989
.0000000, .17989552, .17989552
.0000000, .17846997, .17846997
.0000000, .15248051, .15248051
.0000000, .16102298, .16102298
.0000000, .17552000, .17552000
.0000000, .17205687, .17205687
.0000000, .16718310, .16718310
.0000000, .16336048, .16336048
.0000000, .16162544, .16162544
.0000000, .15882659, .15882659
.0000000, .15618059, .15618059
.0000000, .15464997, .15464997
.0000000, .15367112, .15367112
.48721248, .15568800, -.33152449
.51893359, .15996198, -.35897160
.68498683, .16502807, -.51995873
.77376866, .17280215, -.60096651
.78534877, .17758098, -.60776782
.79002303, .16996449, -.62005854
.77485466, .16361302, -.61124164
.76069790, .18549013, -.57520777
.67222935, .19457954, -.47764981
.47516716, .17015757, -.30500960
.0000000, .16327298, .16327298
.0000000, .18473849, .18473849
.0000000, .17740469, .17740469
.0000000, .15777703, .15777703
.0000000, .15934879, .15934879
.0000000, .16621643, .16621643
.0000000, .16213658, .16213658
.0000000, .15942362, .15942362
.0000000, .15715450, .15715450
.0000000, .15534377, .15534377
.0000000, .15358809, .15358809
.0000000, .15155458, .15155458
.0000000, .15043545, .15043545
.63940711E-01, .15262853, .88687815E-01
.50965285, .15468054, -.35497230
.55943668, .16007431, -.39936239
.69872808, .16389519, -.53483289
.75988281, .16933618, -.59054661
.79627514, .17532131, -.62095380
.79333878, .16779642, -.62554234
.78448623, .15835771, -.62612855
.74608678, .17631498, -.56977177
.67339897, .18963188, -.48376709
.41748109, .17733982, -.24014127
.0000000, .15770780, .15770780
.0000000, .17004165, .17004165
.0000000, .17470264, .17470264
.0000000, .16729814, .16729814
.0000000, .16245690, .16245690
.0000000, .16680318, .16680318
.0000000, .17214605, .17214605
.0000000, .17695329, .17695329
.0000000, .16823226, .16823226
.0000000, .16607822, .16607822
.0000000, .17029130, .17029130
.0000000, .16887963, .16887963
.0000000, .16702034, .16702034
.0000000, .16497873, .16497873
.32173997, .16604607, -.15569390
.32939988, .16685939, -.16254050
.51473832, .16666275, -.34807557
.67901284, .16826868, -.51074415
.65151262, .17223802, -.47927460
.62951541, .17491215, -.45460325
.66848826, .17878237, -.48970589
.62912226, .18119964, -.44792262
.60294724, .17977321, -.42317402
.36528897, .17082745, -.19446152
.0000000, .16523287, .16523287
.0000000, .17023930, .17023930
.0000000, .16904350, .16904350
.0000000, .16483250, .16483250
.0000000, .16339278, .16339278
.0000000, .16261163, .16261163
.0000000, .16269372, .16269372
.0000000, .16191834, .16191834
.0000000, .16044579, .16044579
.0000000, .15810154, .15810154
.0000000, .15610151, .15610151
.0000000, .15419111, .15419111
.0000000, .15259704, .15259704
.0000000, .15110484, .15110484
.45171037, .15212196, -.29958841
.47049761, .15537648, -.31512111
.56257355, .15751368, -.40505987
.69448966, .16298300, -.53150666
.72652966, .16903231, -.55749738
.75857604, .17597157, -.58260447
.76954401, .17748252, -.59206152
.75760299, .16176286, -.59584010
.69517130, .16536014, -.52981114
.43987769, .18937233, -.25050536
.0000000, .17561561, .17561561
.0000000, .15044129, .15044129
.0000000, .16202527, .16202527
.0000000, .17750655, .17750655
.0000000, .17320974, .17320974
.0000000, .16205622, .16205622
.0000000, .16146502, .16146502
.0000000, .16647345, .16647345
.0000000, .16583009, .16583009
.0000000, .16357782, .16357782
.0000000, .16229191, .16229191
.0000000, .16153035, .16153035
.0000000, .15966460, .15966460
.68092309E-01, .16120830, .93115993E-01
.49799192, .16076949, -.33722243
.50631005, .16422370, -.34208634
.71732235, .16796830, -.54935408
.72829127, .17095454, -.55733675
.72189921, .17651312, -.54538608
.77829862, .18283519, -.59546340
.78713799, .18552859, -.60160941
.77340120, .17048855, -.60291266
.71969229, .17145383, -.54823846
.51690423, .19536625, -.32153797
.0000000, .18380553, .18380553
.0000000, .15706405, .15706405
.0000000, .16674939, .16674939
.0000000, .18142897, .18142897
.0000000, .17786193, .17786193
.0000000, .16822796, .16822796
.0000000, .16479725, .16479725
.0000000, .16784737, .16784737
.0000000, .16647047, .16647047
.0000000, .16433671, .16433671
.0000000, .16229388, .16229388
.0000000, .15993021, .15993021
.0000000, .15809835, .15809835
.64880982E-01, .16139716, .96516177E-01
.48790169, .16197062, -.32593107
.54235399, .16512883, -.37722516
.69002116, .16935411, -.52066708
.78400278, .17579105, -.60821176
.79332143, .18142903, -.61189240
.78059351, .18274140, -.59785211
.78959781, .17684036, -.61275744
.78481030, .17991726, -.60489303
.71006721, .19473234, -.51533484
.49628949, .19025527, -.30603421
.0000000, .16977361, .16977361
.0000000, .17772193, .17772193
.0000000, .18778141, .18778141
.0000000, .17975494, .17975494
.0000000, .16374813, .16374813
.0000000, .16992806, .16992806
.0000000, .17505044, .17505044
.0000000, .17184038, .17184038
.0000000, .16891171, .16891171
.0000000, .16658448, .16658448
.0000000, .16387893, .16387893
.0000000, .16141914, .16141914
.0000000, .15928447, .15928447
.0000000, .15691367, .15691367
.39611846, .15763193, -.23848653
.38880795, .15910511, -.22970285
.60929185, .16121954, -.44807231
.65422904, .16491134, -.48931772
.72412574, .16982123, -.55430448
.67983925, .17402546, -.50581378
.72167033, .17735317, -.54431713
.73215491, .18127109, -.55088383
.58697408, .17692930, -.41004479
.0000000, .16323192, .16323192
.0000000, .16551079, .16551079
.0000000, .17255884, .17255884
.0000000, .16938765, .16938765
.0000000, .16474599, .16474599
.0000000, .16199982, .16199982
.0000000, .15879759, .15879759
.0000000, .15585020, .15585020
.0000000, .15463641, .15463641
.0000000, .15198830, .15198830
.0000000, .14930701, .14930701
.0000000, .14742960, .14742960
.0000000, .14550082, .14550082
.0000000, .14365932, .14365932
.0000000, .14259095, .14259095
.31745791, .14320327, -.17425464
.42363158, .14495476, -.27867681
.59731621, .14832212, -.44899410
.66283178, .15246744, -.51036435
.68660927, .15844643, -.52816284
.70238632, .16214958, -.54023671
.70879722, .16584310, -.54295409
.67410338, .16834141, -.50576198
.58135724, .16925219, -.41210505
.41431573, .16473943, -.24957630
.0000000, .16017827, .16017827
.0000000, .15971661, .15971661
.0000000, .15736471, .15736471
.0000000, .15259589, .15259589
.0000000, .14992365, .14992365
.0000000, .14606752, .14606752
.0000000, .14266880, .14266880
.0000000, .14053306, .14053306
.0000000, .13859577, .13859577
.0000000, .13701510, .13701510
.0000000, .13437322, .13437322
.0000000, .13116470, .13116470
.0000000, .12938377, .12938377
.58104806E-01, .13696551, .78860708E-01
.46961036, .13903362, -.33057675
.48991197, .14295115, -.34696084
.65226775, .14957817, -.50268960
.69132566, .15365167, -.53767401
.68346971, .15781513, -.52565455
.69593990, .16307555, -.53286433
.69312131, .16572315, -.52739817
.67117262, .16654983, -.50462282
.64472103, .16687509, -.47784594
.41903943, .16442102, -.25461841
.0000000, .15875268, .15875268
.0000000, .15587381, .15587381
.0000000, .15191902, .15191902
.0000000, .14994785, .14994785
.0000000, .14654408, .14654408
.0000000, .14481151, .14481151
.0000000, .14267662, .14267662
.0000000, .14122273, .14122273
.0000000, .13817289, .13817289
.0000000, .12778129, .12778129
.0000000, .12374417, .12374417
.0000000, .12707642, .12707642
.0000000, .13068604, .13068604
.20893681, .13284010, -.76096714E-01
.46950656, .13226749, -.33723909
.50862217, .13157171, -.37705046
.67115164, .13263026, -.53852141
.75073546, .13332507, -.61741042
.75748318, .13290806, -.62457514
.75499392, .13502106, -.61997283
.73812997, .13905495, -.59907502
.65430123, .14404739, -.51025385
.57377368, .14573115, -.42804253
.46071276, .14445992, -.31625283
.0000000, .13688271, .13688271
.0000000, .13335641, .13335641
.0000000, .13204733, .13204733
.0000000, .13099432, .13099432
.0000000, .12848336, .12848336
.0000000, .12620978, .12620978
.0000000, .12421463, .12421463
.0000000, .12470599, .12470599
.0000000, .12183138, .12183138
.0000000, .12119676, .12119676
.0000000, .12014451, .12014451
.0000000, .11929658, .11929658
.0000000, .11877394, .11877394
.22913322, .12721007, -.10192315
.52033460, .13024193, -.39009267
.53480822, .12043247, -.41437575
.67199862, .11726711, -.55473149
.73945737, .12356424, -.61589313
.74356687, .13123997, -.61232692
.73067552, .12798223, -.60269332
.66428721, .12521937, -.53906786
.68874633, .12935051, -.55939579
.68166918, .13427660, -.54739261
.37799871, .13207245, -.24592626
.0000000, .12120830, .12120830
.0000000, .12062791, .12062791
.0000000, .12406813, .12406813
.0000000, .12331334, .12331334
.0000000, .11803278, .11803278
.0000000, .11756208, .11756208
.0000000, .12079711, .12079711
.0000000, .11625215, .11625215
.0000000, .11663955, .11663955
.0000000, .11579337, .11579337
.0000000, .11391872, .11391872
.0000000, .11471532, .11471532
.0000000, .11471100, .11471100
.20431606, .11903748, -.85278586E-01
.44946009, .12239906, -.32706103
.47823977, .12397695, -.35426283
.60976899, .12053333, -.48923564
.69003063, .11910206, -.57092857
.62035942, .12187136, -.49848807
.64764881, .12505671, -.52259207
.65294027, .12434108, -.52859920
.69982034, .12302989, -.57679045
.54606217, .12285454, -.42320764
.35104328, .12465739, -.22638589
.0000000, .11985715, .11985715
.0000000, .11830069, .11830069
.0000000, .11600031, .11600031
.0000000, .11639141, .11639141
.0000000, .11735168, .11735168
.0000000, .11454721, .11454721
.0000000, .11209252, .11209252
.0000000, .11329883, .11329883
.0000000, .11493903, .11493903
.0000000, .11510949, .11510949
.0000000, .11036056, .11036056
.0000000, .10886510, .10886510
.0000000, .11104706, .11104706
.23635855, .11706120, -.11929736
.47781470, .11699715, -.36081755
.53048962, .11792907, -.41256055
.67253149, .11603846, -.55649304
.73528564, .11716904, -.61811662
.75230312, .12243195, -.62987119
.74767560, .12569842, -.62197721
.75111318, .12652615, -.62458706
.66745472, .12843028, -.53902447
.58143383, .13333935, -.44809449
.41744551, .13607441, -.28137112
.0000000, .12610710, .12610710
.0000000, .11976455, .11976455
.0000000, .11729698, .11729698
.0000000, .11609994, .11609994
.0000000, .11418686, .11418686
.0000000, .11233363, .11233363
.0000000, .10765755, .10765755
.0000000, .10371146, .10371146
.0000000, .10162502, .10162502
.0000000, .98059893E-01, .98059893E-01
.0000000, .95505118E-01, .95505118E-01
.0000000, .97037934E-01, .97037934E-01
.38243059E-01, .10251281, .64269751E-01
.20435637, .11077645, -.93579918E-01
.47071078, .12543362, -.34527716
.52658242, .13005136, -.39653105
.69949055, .10594511, -.59354544
.74115503, .10538428, -.63577074
.77396941, .11436069, -.65960872
.76261365, .12946814, -.63314551
.76156068, .12645051, -.63511014
.75358832, .11929063, -.63429767
.61366868, .12393994, -.48972875
.49007684, .13601446, -.35406238
.0000000, .12600520, .12600520
.0000000, .11334436, .11334436
.0000000, .11198929, .11198929
.0000000, .11833511, .11833511
.0000000, .11861166, .11861166
.0000000, .11026739, .11026739
.0000000, .10784520, .10784520
.0000000, .11150979, .11150979
.0000000, .11351126, .11351126
.0000000, .10916750, .10916750
.0000000, .10639204, .10639204
.0000000, .10926566, .10926566
.0000000, .11315012, .11315012
.0000000, .11688827, .11688827
.0000000, .11870030, .11870030
.37602878, .12717845, -.24885033
.62115073, .13093007, -.49022067
.66604412, .13378254, -.53226161
.68414557, .14118871, -.54295683
.66258591, .14214511, -.52044082
.65758699, .14251940, -.51506758
.65183300, .14360444, -.50822854
.51847684, .14523774, -.37323910
.0000000, .14105974, .14105974
.0000000, .14043505, .14043505
.0000000, .14186473, .14186473
.0000000, .15368329, .15368329
.0000000, .15709713, .15709713
.0000000, .15402105, .15402105
.0000000, .15332586, .15332586
.0000000, .15528134, .15528134
.0000000, .15560560, .15560560
.0000000, .15375666, .15375666
.0000000, .15227801, .15227801
.0000000, .15363112, .15363112
.0000000, .15546462, .15546462
.0000000, .15457144, .15457144
.0000000, .15262140, .15262140
.50958604, .15551989, -.35406613
.44087601, .16088590, -.27999011
.67287302, .16224374, -.51062930
.72951627, .16019642, -.56931984
.57026798, .16017616, -.41009182
.62671983, .16172476, -.46499509
.0000000, .15999034, .15999034
.57099694, .16138169, -.40961525
.61426711, .16187577, -.45239133
.37094977, .16508065, -.20586912
.0000000, .15993141, .15993141
.0000000, .15625757, .15625757
.0000000, .15554948, .15554948
.0000000, .15707204, .15707204
.0000000, .15640965, .15640965
.0000000, .15378159, .15378159
.0000000, .15248378, .15248378
.0000000, .15341668, .15341668
.0000000, .15386617, .15386617
.0000000, .15272363, .15272363
.0000000, .15155354, .15155354
.0000000, .15028954, .15028954
.0000000, .14999729, .14999729
.19665308, .15236460, -.44288486E-01
.51994598, .15358818, -.36635780
.53230464, .15624905, -.37605560
.66039395, .15636061, -.50403333
.68326116, .15451381, -.52874732
.74221361, .15507010, -.58714354
.72678769, .15712506, -.56966263
.75074512, .15873684, -.59200829
.65489006, .15771015, -.49717993
.63648969, .15758583, -.47890386
.45509702, .15972614, -.29537088
.0000000, .15545169, .15545169
.0000000, .15239295, .15239295
.0000000, .15143189, .15143189
.0000000, .15197630, .15197630
.0000000, .15142980, .15142980
.0000000, .14924999, .14924999
.0000000, .14752038, .14752038
.0000000, .14842662, .14842662
.0000000, .14867911, .14867911
.0000000, .14741495, .14741495
.0000000, .14659083, .14659083
.0000000, .14607382, .14607382
.0000000, .14349973, .14349973
.0000000, .14146653, .14146653
.41976982, .14457870, -.27519113
.48332590, .14647584, -.33685005
.56334615, .14950261, -.41384354
.60383445, .14988029, -.45395416
.64811444, .14618815, -.50192630
.66719252, .14718501, -.52000749
.67754436, .15183209, -.52571225
.62754238, .15277171, -.47477067
.66285121, .15155143, -.51129979
.46342963, .15203285, -.31139678
.0000000, .14773247, .14773247
.0000000, .14676085, .14676085
.0000000, .14655688, .14655688
.0000000, .14563072, .14563072
.0000000, .14244175, .14244175
.0000000, .14251685, .14251685
.0000000, .14474413, .14474413
.0000000, .14247555, .14247555
.0000000, .13979810, .13979810
.0000000, .14171727, .14171727
.0000000, .14272022, .14272022
.0000000, .13990140, .13990140
.0000000, .13824566, .13824566
.17904232, .14264546, -.36396861E-01
.43789017, .14416629, -.29372388
.48274541, .14414810, -.33859730
.55479246, .14348096, -.41131151
.61595720, .14463960, -.47131759
.66607243, .14578053, -.52029192
.67448068, .14658971, -.52789098
.68714958, .14737755, -.53977203
.64806020, .14865123, -.49940896
.64778697, .15059008, -.49719691
.48924440, .15149382, -.33775058
.0000000, .14579543, .14579543
.0000000, .14448668, .14448668
.0000000, .14577651, .14577651
.0000000, .14434505, .14434505
.0000000, .14376789, .14376789
.0000000, .14127350, .14127350
.0000000, .14144801, .14144801
.0000000, .14166610, .14166610
.0000000, .14011054, .14011054
.0000000, .13880403, .13880403
.0000000, .13894333, .13894333
.0000000, .13925415, .13925415
.44891603E-01, .14212997, .97238369E-01
.27464238, .14495847, -.12968391
.57853186, .14899203, -.42953983
.61126590, .14272138, -.46854451
.76530349, .14071481, -.62458867
.76966608, .14766447, -.62200159
.81823194, .15725107, -.66098088
.81080878, .15784457, -.65296423
.80622697, .15566221, -.65056479
.74556220, .16087790, -.58468431
.73766994, .16828513, -.56938481
.55738002, .16637951, -.39100051
.0000000, .15390895, .15390895
.0000000, .15110408, .15110408
.0000000, .15324561, .15324561
.0000000, .15410383, .15410383
.0000000, .14727621, .14727621
.0000000, .14350756, .14350756
.0000000, .14582902, .14582902
.0000000, .14738129, .14738129
.0000000, .14354926, .14354926
.0000000, .13957666, .13957666
.0000000, .14002776, .14002776
.0000000, .14159173, .14159173
.60027894E-01, .14406307, .84035173E-01
.29580641, .14408529, -.15172112
.60337412, .14603835, -.45733577
.61653954, .14437252, -.47216702
.75614607, .14206585, -.61408019
.76933444, .14559709, -.62373734
.81851518, .14989012, -.66862506
.81163168, .14873655, -.66289514
.79028332, .14597131, -.64431202
.70956683, .15013127, -.55943555
.68563110, .15701398, -.52861714
.50400096, .15530378, -.34869719
.0000000, .14178893, .14178893
.0000000, .13904279, .13904279
.0000000, .14149264, .14149264
.0000000, .13976112, .13976112
.0000000, .13461362, .13461362
.0000000, .13375555, .13375555
.0000000, .13064948, .13064948
.0000000, .12844440, .12844440
.0000000, .12642382, .12642382
.0000000, .12470144, .12470144
.0000000, .12289320, .12289320
.0000000, .12079513, .12079513
.45126628E-01, .12507844, .79951808E-01
.24825478, .13425899, -.11399579
.55349517, .14641449, -.40708068
.57490021, .13074556, -.44415465
.73367476, .12006117, -.61361361
.73193419, .12481030, -.60712391
.79209173, .14121369, -.65087807
.79054105, .14450844, -.64603263
.77584493, .13390326, -.64194167
.71083230, .13651596, -.57431632
.68365473, .14952770, -.53412700
.50556505, .15385622, -.35170883
.0000000, .13545643, .13545643
.0000000, .12869215, .12869215
.0000000, .13308138, .13308138
.0000000, .13777411, .13777411
.0000000, .13000135, .13000135
.0000000, .12271840, .12271840
.0000000, .12375551, .12375551
.0000000, .12778845, .12778845
.0000000, .12414182, .12414182
.0000000, .12010193, .12010193
.0000000, .12023240, .12023240
.0000000, .11961917, .11961917
.52726381E-01, .12668806, .73961683E-01
.28752226, .12730670, -.16021556
.57388657, .12303036, -.45085621
.59746259, .12020766, -.47725493
.74170429, .12261198, -.61909229
.73941380, .12787032, -.61154348
.79098630, .13066103, -.66032529
.78807676, .13073620, -.65734053
.78288543, .13306776, -.64981771
.64807218, .13798770, -.51008451
.61706972, .14251772, -.47455201
.45701158, .14165100, -.31536058
.0000000, .13077633, .13077633
.0000000, .12637481, .12637481
.0000000, .12651362, .12651362
.0000000, .12613682, .12613682
.0000000, .12128413, .12128413
.0000000, .11684877, .11684877
.0000000, .11977109, .11977109
.0000000, .12092588, .12092588
.0000000, .11499655, .11499655
.0000000, .11207470, .11207470
.0000000, .11456284, .11456284
.0000000, .11468568, .11468568
.52061550E-01, .11626887, .64207315E-01
.29546410, .11664920, -.17881490
.57569063, .11880051, -.45689011
.59976745, .11810140, -.48166603
.74096602, .11591763, -.62504840
.74358547, .11899965, -.62458581
.80470848, .12609720, -.67861128
.79461372, .12740381, -.66720992
.78774565, .12593861, -.66180706
.72154540, .13028164, -.59126377
.63484251, .13709027, -.49775225
.51629561, .13694800, -.37934762
.0000000, .12404738, .12404738
.0000000, .12057227, .12057227
.0000000, .12232393, .12232393
.0000000, .12240225, .12240225
.0000000, .11764617, .11764617
.0000000, .11451559, .11451559
.0000000, .11523207, .11523207
.0000000, .11653776, .11653776
.0000000, .11389433, .11389433
.0000000, .11081921, .11081921
.0000000, .11199561, .11199561
.0000000, .11284080, .11284080
.0000000, .11090069, .11090069
.31852686, .11428549, -.20424137
.60939926, .11617854, -.49322072
.62477797, .11785952, -.50691843
.75882393, .11652473, -.64229918
.76907927, .11513509, -.65394419
.80226851, .11832725, -.68394125
.79448622, .12178230, -.67270392
.80390048, .12100872, -.68289179
.70973957, .12189919, -.58784038
.69001043, .12648900, -.56352144
.51314652, .12953295, -.38361359
.0000000, .11839618, .11839618
.0000000, .11299530, .11299530
.0000000, .11385255, .11385255
.0000000, .11575760, .11575760
.0000000, .11258017, .11258017
.0000000, .10848335, .10848335
.0000000, .10846881, .10846881
.0000000, .11012299, .11012299
.0000000, .10870290, .10870290
.0000000, .10593174, .10593174
.0000000, .10542332, .10542332
.0000000, .10633205, .10633205
.60050312E-01, .11211521, .52064899E-01
.33934525, .11129186, -.22805339
.62914026, .10980201, -.51933825
.62880504, .11065446, -.51815057
.74351114, .11220859, -.63130254
.68905342, .11356177, -.57549167
.76690954, .11419478, -.65271473
.76598990, .11501684, -.65097308
.71256930, .11556355, -.59700572
.68207806, .11615077, -.56592727
.65087694, .11657265, -.53430426
.0000000, .10965835, .10965835
.0000000, .10814081, .10814081
.0000000, .10806432, .10806432
.0000000, .11706553, .11706553
.0000000, .11500774, .11500774
.0000000, .11260054, .11260054
.0000000, .11384951, .11384951
.0000000, .11624531, .11624531
.0000000, .11556453, .11556453
.0000000, .11245951, .11245951
.0000000, .11235614, .11235614
.0000000, .11726250, .11726250
.0000000, .11667383, .11667383
.0000000, .11388999, .11388999
.21542946, .11838928, -.97040176E-01
.54353911, .12084685, -.42269224
.58481562, .12286440, -.46195123
.68732762, .12066489, -.56666273
.68292069, .11963609, -.56328464
.73745430, .12222140, -.61523288
.72804451, .12483514, -.60320938
.77612352, .12160116, -.65452236
.68126810, .12574735, -.55552077
.59376144, .12681058, -.46695086
.39255679, .12844250, -.26411429
.0000000, .12072996, .12072996
.0000000, .12236911, .12236911
.0000000, .12261811, .12261811
.0000000, .12239122, .12239122
.0000000, .12195927, .12195927
.0000000, .12094851, .12094851
.0000000, .12054357, .12054357
.0000000, .12053572, .12053572
.0000000, .12024587, .12024587
.0000000, .11943134, .11943134
.0000000, .11895066, .11895066
.0000000, .12068236, .12068236
.0000000, .12059419, .12059419
.27667663, .12430509, -.15237153
.60636413, .12539889, -.48096526
.62953752, .12799343, -.50154412
.75280964, .12684533, -.62596428
.77466470, .12619831, -.64846641
.82594693, .12823391, -.69771302
.82499540, .13039291, -.69460249
.80441535, .13108116, -.67333418
.74830770, .13325271, -.61505497
.65987289, .13543464, -.52443826
.54807049, .13493761, -.41313288
.36592814, .13277531, -.23315284
.0000000, .12504627, .12504627
.0000000, .12615204, .12615204
.0000000, .12469448, .12469448
.0000000, .12202027, .12202027
.0000000, .12170634, .12170634
.0000000, .12289698, .12289698
.0000000, .12181221, .12181221
.0000000, .11906984, .11906984
.0000000, .11864889, .11864889
.0000000, .11949933, .11949933
.0000000, .11936814, .11936814
.70197806E-01, .12301484, .52817032E-01
.32494426, .12238055, -.20256370
.63261753, .12335268, -.50926483
.63110149, .12459855, -.50650293
.77034712, .12531655, -.64503056
.76427346, .12508124, -.63919222
.81410027, .12671295, -.68738735
.80076420, .13032302, -.67044115
.81273842, .13150334, -.68123507
.77189267, .13097346, -.64091921
.74780470, .13134727, -.61645746
.61830664, .13325086, -.48505577
.0000000, .12574458, .12574458
.0000000, .12148319, .12148319
.0000000, .12115760, .12115760
.0000000, .12308379, .12308379
.0000000, .12020986, .12020986
.0000000, .11571375, .11571375
.0000000, .11532925, .11532925
.0000000, .11727250, .11727250
.0000000, .11665922, .11665922
.0000000, .11401493, .11401493
.0000000, .11127107, .11127107
.0000000, .11188336, .11188336
.60700260E-01, .11731834, .56618080E-01
.31762767, .11992194, -.19770573
.62731826, .11965287, -.50766540
.63231224, .11493346, -.51737881
.76215482, .11380912, -.64834571
.72195095, .12071768, -.60123324
.75395536, .12382787, -.63012749
.80603546, .12167392, -.68436152
.75857466, .12316713, -.63540757
.68700814, .12918472, -.55782342
.65086347, .13183400, -.51902950
.48979238, .12687650, -.36291587
.40654141, .12338826, -.28315315
.0000000, .11833066, .11833066
.0000000, .11894003, .11894003
.0000000, .11447366, .11447366
.0000000, .11088198, .11088198
.0000000, .11129887, .11129887
.0000000, .11310770, .11310770
.0000000, .11176010, .11176010
.0000000, .10838625, .10838625
.0000000, .10729436, .10729436
.0000000, .10842539, .10842539
.0000000, .10849921, .10849921
.49620003E-01, .11172873, .62108725E-01
.30384415, .11125562, -.19258854
.59940302, .11349854, -.48590448
.59919763, .11519347, -.48400414
.70983827, .11248699, -.59735131
.71227998, .11830559, -.59397441
.72126341, .12051637, -.60074705
.73605722, .12000793, -.61604929
.75173104, .11888047, -.63285059
.67371929, .12091845, -.55280083
.45527789, .12182808, -.33344981
.35906321, .12559028, -.23347293
.0000000, .11649613, .11649613
.0000000, .12084624, .12084624
.0000000, .12860224, .12860224
.0000000, .13870761, .13870761
.0000000, .13534090, .13534090
.0000000, .13437384, .13437384
.0000000, .13803208, .13803208
.0000000, .13916007, .13916007
.0000000, .13478902, .13478902
.0000000, .13330273, .13330273
.0000000, .13596490, .13596490
.0000000, .13674976, .13674976
.49412314E-01, .13775517, .88342860E-01
.30715513, .13667026, -.17048487
.58564222, .14006644, -.44557577
.60613501, .14323805, -.46289694
.73341626, .13965806, -.59375823
.75569618, .13847810, -.61721808
.75546682, .14157128, -.61389554
.79561961, .14440331, -.65121627
.75716805, .14318565, -.61398244
.73463678, .14302731, -.59160948
.45763761, .14516479, -.31247282
.36069807, .14533326, -.21536481
.0000000, .13718154, .13718154
.0000000, .13513349, .13513349
.0000000, .13602446, .13602446
.0000000, .13614857, .13614857
.0000000, .13345933, .13345933
.0000000, .13186064, .13186064
.0000000, .13277826, .13277826
.0000000, .13305351, .13305351
.0000000, .13104364, .13104364
.0000000, .12962389, .12962389
.0000000, .13040797, .13040797
.0000000, .13106215, .13106215
.64673886E-01, .13407460, .69400713E-01
.33798426, .13387385, -.20411041
.64425325, .13483579, -.50941747
.66160744, .13557948, -.52602798
.79046857, .13439038, -.65607822
.71918380, .13512978, -.58405399
.69748676, .13692600, -.56056076
.74089527, .13844003, -.60245526
.66434729, .14088927, -.52345800
.76443660, .14282012, -.62161648
.73066151, .14291072, -.58775079
.54636097, .14262909, -.40373188
.0000000, .13552499, .13552499
.0000000, .13207012, .13207012
.0000000, .13032714, .13032714
.0000000, .12986185, .12986185
.0000000, .12708040, .12708040
.0000000, .12608522, .12608522
.0000000, .12547529, .12547529
.0000000, .12411712, .12411712
.0000000, .12230120, .12230120
.0000000, .12135398, .12135398
.0000000, .12150209, .12150209
.0000000, .12096735, .12096735
.66165969E-01, .12340708, .57241112E-01
.35236990, .12391360, -.22845630
.65287453, .12546821, -.52740633
.53176063, .12558430, -.40617633
.58699310, .12234762, -.46464548
.54155159, .12352446, -.41802713
.53539819, .12803212, -.40736607
.50847787, .13042726, -.37805063
.52265298, .12944204, -.39321095
.75270349, .13116780, -.62153566
.74611580, .13618070, -.60993510
.60315841, .13622062, -.46693778
.0000000, .12544754, .12544754
.0000000, .12235057, .12235057
.0000000, .12434524, .12434524
.0000000, .12530607, .12530607
.0000000, .12090816, .12090816
.0000000, .11718534, .11718534
.0000000, .11799637, .11799637
.0000000, .12125573, .12125573
.0000000, .11498569, .11498569
.0000000, .11301336, .11301336
.0000000, .11503871, .11503871
.0000000, .11571246, .11571246
.60100421E-01, .12253562, .62435195E-01
.35594946, .11953983, -.23640963
.64262521, .11734439, -.52528083
.59199286, .11926074, -.47273213
.66464448, .12083630, -.54380816
.65327883, .12091707, -.53236175
.64909500, .12114757, -.52794743
.64194953, .12214528, -.51980424
.67881817, .12418769, -.55463046
.77675867, .12585007, -.65090859
.73753154, .12728670, -.61024487
.58043396, .12734741, -.45308656
.40837872, .12507319, -.28330553
.0000000, .11790723, .11790723
.0000000, .11494251, .11494251
.0000000, .11398346, .11398346
.0000000, .11463173, .11463173
.0000000, .11334395, .11334395
.0000000, .11111960, .11111960
.0000000, .11045839, .11045839
.0000000, .11021364, .11021364
.0000000, .10949535, .10949535
.0000000, .10773981, .10773981
.0000000, .10792685, .10792685
.66617735E-01, .11284292, .46225183E-01
.34362099, .11391900, -.22970198
.64037609, .11412954, -.52624655
.64469171, .11356615, -.53112555
.76470375, .11275683, -.65194690
.72530276, .11465977, -.61064297
.70363867, .11707272, -.58656597
.76859784, .11641427, -.65218359
.77070391, .11766441, -.65303952
.75421453, .12008470, -.63412982
.70504940, .12120032, -.58384907
.55564296, .11895670, -.43668628
.42735037, .11726316, -.31008720
.0000000, .11116826, .11116826
.0000000, .11101857, .11101857
.0000000, .10862516, .10862516
.0000000, .10627528, .10627528
.0000000, .10695255, .10695255
.0000000, .10672650, .10672650
.0000000, .10443933, .10443933
.0000000, .10159805, .10159805
.0000000, .10248815, .10248815
.0000000, .10349349, .10349349
.0000000, .10304977, .10304977
.66412315E-01, .10742667, .41014358E-01
.34395629, .10654640, -.23740989
.63204122, .10730942, -.52473181
.64687359, .10840651, -.53846711
.76096725, .10823894, -.65272832
.76515627, .10789992, -.65725636
.74787676, .10974219, -.63813460
.72275811, .11255078, -.61020732
.74984038, .11353012, -.63631028
.76806289, .11409448, -.65396839
.76500160, .11611771, -.64888388
.63004404, .11721466, -.51282936
.0000000, .10801426, .10801426
.0000000, .10577102, .10577102
.0000000, .10640338, .10640338
.0000000, .10722403, .10722403
.0000000, .10536045, .10536045
.0000000, .10363103, .10363103
.0000000, .10426517, .10426517
.0000000, .10515127, .10515127
.0000000, .10609728, .10609728
.0000000, .10616376, .10616376
.0000000, .10557162, .10557162
.0000000, .11217296, .11217296
.68812393E-01, .12031545, .51503055E-01
.32445550, .11778248, -.20667303
.59685689, .11745499, -.47940189
.62597275, .12206839, -.50390434
.74307394, .12073293, -.62234104
.76580232, .12206735, -.64373499
.77513283, .12484500, -.65028787
.77844858, .12918025, -.64926833
.76443869, .13059354, -.63384515
.75914812, .13007033, -.62907779
.74529761, .13090250, -.61439514
.44469228, .13777758, -.30691469
.0000000, .13594742, .13594742
.0000000, .13077360, .13077360
.0000000, .13375673, .13375673
.0000000, .13914025, .13914025
.0000000, .14544189, .14544189
.0000000, .15664807, .15664807
.0000000, .16240862, .16240862
.0000000, .16378367, .16378367
.0000000, .16497239, .16497239
.0000000, .16325539, .16325539
.0000000, .16040866, .16040866
.0000000, .15953675, .15953675
.68163976E-01, .16642869, .98264709E-01
.35691428, .16512552, -.19178876
.66665363, .16166256, -.50499105
.67550546, .16027664, -.51522881
.80258691, .16021030, -.64237660
.80053264, .16042385, -.64010882
.78460336, .15819076, -.62641263
.77249277, .15692830, -.61556447
.77330136, .15938081, -.61392057
.76814586, .16136569, -.60678017
.72976881, .16065525, -.56911355
.55730700, .15909417, -.39821285
.39402017, .15716994, -.23685023
.0000000, .14893863, .14893863
.0000000, .14504318, .14504318
.0000000, .14415833, .14415833
.0000000, .14212681, .14212681
.0000000, .13868390, .13868390
.0000000, .13739285, .13739285
.0000000, .15017478, .15017478
.0000000, .15106678, .15106678
.0000000, .14819489, .14819489
.0000000, .15033510, .15033510
.0000000, .14730600, .14730600
.64070530E-01, .15013792, .86067386E-01
.35366029, .15386645, -.19979383
.66310781, .15597385, -.50713396
.67484093, .15868950, -.51615143
.80523729, .15388890, -.65134841
.80432999, .14767358, -.65665638
.80624253, .15558128, -.65066123
.79175830, .16635087, -.62540746
.80208027, .15435839, -.64772189
.79855353, .14944692, -.64910662
.78594601, .16972303, -.61622298
.62976491, .17389983, -.45586509
.45588863, .14756912, -.30831951
.0000000, .14317165, .14317165
.0000000, .16691662, .16691662
.0000000, .16254897, .16254897
.0000000, .13695538, .13695538
.0000000, .13998133, .13998133
.0000000, .15352423, .15352423
.0000000, .15209690, .15209690
.0000000, .14915356, .14915356
.0000000, .14592150, .14592150
.0000000, .14525288, .14525288
.0000000, .14392400, .14392400
.70993967E-01, .14643125, .75437285E-01
.36097735, .14631329, -.21466406
.68550384, .14909297, -.53641087
.62949508, .15327862, -.47621647
.69740462, .15608336, -.54132128
.68397200, .15795836, -.52601361
.59358805, .15625268, -.43733537
.55495322, .15081523, -.40413797
.57019562, .15237370, -.41782191
.64631569, .15923610, -.48707959
.77201509, .16048455, -.61153054
.62079322, .15861222, -.46218100
.48064160, .15573794, -.32490367
.0000000, .14902845, .14902845
.0000000, .14840819, .14840819
.0000000, .14777306, .14777306
.0000000, .14517429, .14517429
.0000000, .14360411, .14360411
.0000000, .14248006, .14248006
.0000000, .14095581, .14095581
.0000000, .13817766, .13817766
.0000000, .13618219, .13618219
.0000000, .13384853, .13384853
.0000000, .13389571, .13389571
.55494979E-01, .13484788, .79352900E-01
.35660961, .13327557, -.22333404
.68286848, .13501370, -.54785478
.63157314, .13908927, -.49248385
.62274742, .14214987, -.48059756
.63014597, .14431028, -.48583567
.64000034, .14634398, -.49365637
.61257666, .14829808, -.46427858
.63983238, .15045698, -.48937541
.68313348, .15260330, -.53053021
.71719766, .15453196, -.56266570
.61730200, .15599875, -.46130323
.60103166, .15636301, -.44466865
.0000000, .14992814, .14992814
.0000000, .14485642, .14485642
.0000000, .14179033, .14179033
.0000000, .14026988, .14026988
.0000000, .13836464, .13836464
.0000000, .13631611, .13631611
.0000000, .13396753, .13396753
.0000000, .13202497, .13202497
.0000000, .12999782, .12999782
.0000000, .12797803, .12797803
.0000000, .12619932, .12619932
.74415751E-01, .12924236, .54826610E-01
.36953315, .12993893, -.23959422
.60942143, .13204582, -.47737563
.47140819, .13516940, -.33623880
.53284860, .13579065, -.39705795
.52858549, .13650131, -.39208418
.50287920, .13672602, -.36615318
.51471043, .13684660, -.37786382
.50758618, .13795266, -.36963353
.74167192, .13911954, -.60255241
.75600183, .14102863, -.61497319
.58348036, .14279076, -.44068959
.45915949, .14310616, -.31605333
.0000000, .13645321, .13645321
.0000000, .13410401, .13410401
.0000000, .13101414, .13101414
.0000000, .12862815, .12862815
.0000000, .12614229, .12614229
.0000000, .12335879, .12335879
.0000000, .12035660, .12035660
.0000000, .11828101, .11828101
.0000000, .11664541, .11664541
.0000000, .11536974, .11536974
.0000000, .11389086, .11389086
.71176186E-01, .11802761, .46851426E-01
.35726169, .11804886, -.23921283
.65120387, .11984257, -.53136128
.58087802, .12268600, -.45819202
.60944140, .12462553, -.48481587
.53791785, .12597540, -.41194245
.50620824, .12616536, -.38004288
.48714674, .12652947, -.36061728
.53708851, .12783214, -.40925637
.67742103, .12959534, -.54782569
.72482264, .13141322, -.59340942
.61276066, .13239585, -.48036480
.39100260, .13300346, -.25799912
.0000000, .12648007, .12648007
.0000000, .12431103, .12431103
.0000000, .12242834, .12242834
.0000000, .12127415, .12127415
.0000000, .11971349, .11971349
.0000000, .11791022, .11791022
.0000000, .11655170, .11655170
.0000000, .16683429, .16683429
.0000000, .18230146, .18230146
.0000000, .18055660, .18055660
.0000000, .16835788, .16835788
.59750374E-01, .17090166, .11115128
.36583361, .17454377, -.19128984
.67426533, .17584044, -.49842489
.64221418, .17954582, -.46266836
.75561744, .17884023, -.57677722
.68108892, .17390542, -.50718349
.82264447, .20598793, -.61665654
.76669979, .20697510, -.55972469
.81584132, .19440980, -.62143153
.77992868, .20540442, -.57452428
.75654447, .21989590, -.53664857
.46963573, .19636628, -.27326944
.0000000, .18322963, .18322963
.0000000, .21342933, .21342933
.0000000, .20998740, .20998740
.0000000, .17458442, .17458442
.0000000, .18112738, .18112738
.0000000, .20404807, .20404807
.0000000, .19855773, .19855773
.0000000, .18859787, .18859787
.0000000, .18553698, .18553698
.0000000, .18716916, .18716916
.0000000, .18461055, .18461055
.0000000, .18140167, .18140167
.77269636E-01, .18199033, .10472069
.36884081, .18081476, -.18802606
.69574451, .18279630, -.51294822
.69392109, .18782824, -.50609285
.80764389, .19222145, -.61542243
.82161415, .19769481, -.62391937
.81717753, .20203364, -.61514390
.73532069, .20627691, -.52904379
.75203478, .19820999, -.55382478
.78463542, .19004241, -.59459305
.73602277, .20313965, -.53288311
.39002717, .21041381, -.17961335
.0000000, .19192965, .19192965
.0000000, .18220581, .18220581
.0000000, .20080268, .20080268
.0000000, .20158061, .20158061
.0000000, .19464843, .19464843
.0000000, .18992978, .18992978
.0000000, .18904343, .18904343
.0000000, .18584794, .18584794
.0000000, .18321609, .18321609
.0000000, .17999771, .17999771
.0000000, .17728996, .17728996
.0000000, .17524108, .17524108
.56047842E-01, .17548716, .11943932
.33549950, .17395565, -.16154385
.66165715, .17547578, -.48618138
.64357495, .18076296, -.46281201
.81943506, .18559767, -.63383740
.81980562, .19186260, -.62794304
.82483816, .19746701, -.62737113
.79368031, .20218977, -.59149051
.81750166, .20612307, -.61137861
.80392325, .20222367, -.60169959
.79718381, .19270496, -.60447884
.63435239, .19962771, -.43472469
.0000000, .20401271, .20401271
.0000000, .19238429, .19238429
.0000000, .18329452, .18329452
.0000000, .19267455, .19267455
.0000000, .19383171, .19383171
.0000000, .19515324, .19515324
.0000000, .19123794, .19123794
.0000000, .18819493, .18819493
.0000000, .18541624, .18541624
.0000000, .18258552, .18258552
.0000000, .17960049, .17960049
.0000000, .17709300, .17709300
.66751346E-01, .17727217, .11052082
.37630904, .17592829, -.20038074
.68213785, .17821313, -.50392473
.67166799, .18377279, -.48789519
.76661128, .18898845, -.57762283
.67201912, .19397727, -.47804186
.65227091, .19743401, -.45483691
.70419884, .20035462, -.50384420
.65992898, .20382507, -.45610392
.65730417, .20660073, -.45070344
.74503702, .20517413, -.53986287
.52175194, .20107496, -.32067698
.36560395, .20043856, -.16516539
.0000000, .19881202, .19881202
.0000000, .19625065, .19625065
.0000000, .19256935, .19256935
.0000000, .19165298, .19165298
.0000000, .18931742, .18931742
.0000000, .18625149, .18625149
.0000000, .18599355, .18599355
.0000000, .18794957, .18794957
.0000000, .18458033, .18458033
.0000000, .18176204, .18176204
.0000000, .17878588, .17878588
.86146452E-01, .17907184, .92925392E-01
.36483330, .17820594, -.18662736
.69319928, .17998233, -.51321697
.64149088, .18593621, -.45555466
.70216674, .19046035, -.51170635
.63057733, .19401474, -.43656260
.56883740, .19494040, -.37389702
.54736471, .19493413, -.35243058
.57698941, .19772035, -.37926906
.71609843, .20199311, -.51410532
.71734518, .20538197, -.51196319
.51244688, .20797250, -.30447438
.45422655, .20659353, -.24763303
.0000000, .20158142, .20158142
.0000000, .19612636, .19612636
.0000000, .19017020, .19017020
.0000000, .18589613, .18589613
.0000000, .18155064, .18155064
.0000000, .17831431, .17831431
.0000000, .17420462, .17420462
.0000000, .17148630, .17148630
.0000000, .16881233, .16881233
.0000000, .16651259, .16651259
.0000000, .16389458, .16389458
.77685028E-01, .16430002, .86614996E-01
.36127967, .16308567, -.19819400
.63964814, .16420861, -.47543955
.66520637, .16858849, -.49661788
.67096335, .17239365, -.49856970
.60309160, .17501512, -.42807648
.63585752, .17769101, -.45816651
.59160346, .17903185, -.41257161
.60710216, .18257871, -.42452344
.74350655, .18608314, -.55742341
.72908664, .18906327, -.54002339
.61509603, .19154064, -.42355537
.45012468, .19586083, -.25426385
.0000000, .19133992, .19133992
.0000000, .19211203, .19211203
.0000000, .19216487, .19216487
.0000000, .18812856, .18812856
.0000000, .18634805, .18634805
.0000000, .18211314, .18211314
.0000000, .17753820, .17753820
.0000000, .17391716, .17391716
.0000000, .17052907, .17052907
.0000000, .16864198, .16864198
.0000000, .16826168, .16826168
.50192103E-01, .17058696, .12039486
.21118382, .16939721, -.41786611E-01
.56310338, .17020084, -.39290255
.61253113, .17517108, -.43736005
.73784018, .17880493, -.55903524
.70450407, .18410707, -.52039701
.69098222, .18820554, -.50277668
.77612382, .19024000, -.58588386
.76937163, .19435033, -.57502127
.73386538, .19797517, -.53589022
.75476599, .20264165, -.55212432
.41992638, .20259094, -.21733543
.44686735, .19079515, -.25607219
.0000000, .18416478, .18416478
.0000000, .19203831, .19203831
.0000000, .19094664, .19094664
.0000000, .18676972, .18676972
.0000000, .18406436, .18406436
.0000000, .18344575, .18344575
.0000000, .17994058, .17994058
.0000000, .17725429, .17725429
.0000000, .17432994, .17432994
.0000000, .17161839, .17161839
.0000000, .16861790, .16861790
.0000000, .16677727, .16677727
.25682297, .16749600, -.89326978E-01
.53918564, .16782744, -.37135822
.64402187, .17052759, -.47349429
.79105282, .17736071, -.61369210
.80628383, .18371391, -.62256992
.82322448, .18832695, -.63489753
.73668742, .19199426, -.54469317
.77044177, .19658917, -.57385260
.74174380, .19958767, -.54215610
.73475325, .19806609, -.53668714
.64810145, .19240659, -.45569485
.39421481, .18970476, -.20451005
.0000000, .18906169, .18906169
.0000000, .19328612, .19328612
.0000000, .18878937, .18878937
.0000000, .18615772, .18615772
.0000000, .18483490, .18483490
.0000000, .18211192, .18211192
.0000000, .17861611, .17861611
.0000000, .17540090, .17540090
.0000000, .17249335, .17249335
.0000000, .16978565, .16978565
.0000000, .16841906, .16841906
.0000000, .16667382, .16667382
.28180274, .16780795, -.11399479
.60786927, .16904365, -.43882561
.58841008, .17270613, -.41570395
.62267506, .17638175, -.44629329
.0000000, .17634466, .17634466
.77003384, .17639796, -.59363586
.70076865, .18248725, -.51828140
.66778708, .18705823, -.48072886
.66553056, .18908793, -.47644264
.58948255, .19251405, -.39696848
.42657983, .19476464, -.23181519
.0000000, .19034359, .19034359
.0000000, .18396497, .18396497
.0000000, .18023850, .18023850
.0000000, .18079717, .18079717
.0000000, .17938083, .17938083
.0000000, .17777853, .17777853
.0000000, .17613666, .17613666
.0000000, .17336166, .17336166
.0000000, .17132054, .17132054
.0000000, .16935894, .16935894
.0000000, .16747813, .16747813
.0000000, .16545834, .16545834
.0000000, .16385283, .16385283
.28474215, .16437902, -.12036313
.44553781, .16563298, -.27990484
.64415169, .16812727, -.47602442
.78731024, .17286175, -.61444849
.69349998, .17888331, -.51461667
.77498370, .18392974, -.59105396
.79749459, .18891576, -.60857880
.80583233, .19382758, -.61200476
.82161331, .19951728, -.62209606
.74614960, .20402652, -.54212308
.65439582, .20256375, -.45183206
.49888808, .19178100, -.30710709
.0000000, .18647410, .18647410
.0000000, .19275582, .19275582
.0000000, .19009888, .19009888
.0000000, .18608597, .18608597
.0000000, .18326685, .18326685
.0000000, .18084008, .18084008
.0000000, .17735846, .17735846
.0000000, .17461586, .17461586
.0000000, .17169827, .17169827
.0000000, .16908312, .16908312
.0000000, .16664176, .16664176
.0000000, .16471156, .16471156
.0000000, .16233884, .16233884
.54820424, .16281833, -.38538593
.62993705, .16671622, -.46322083
.70354253, .17055185, -.53299069
.73718280, .17498632, -.56219649
.76450121, .18146558, -.58303565
.78497010, .18573911, -.59923100
.78337169, .19136363, -.59200805
.78004003, .19491488, -.58512515
.73305655, .19707373, -.53598285
.61693317, .19565216, -.42128101
.39809632, .18864298, -.20945334
.0000000, .18274644, .18274644
.0000000, .18678534, .18678534
.0000000, .18562011, .18562011
.0000000, .18236732, .18236732
.0000000, .18012738, .18012738
.0000000, .17788067, .17788067
.0000000, .17580025, .17580025
.0000000, .17285790, .17285790
.0000000, .17162499, .17162499
.0000000, .16952559, .16952559
.0000000, .16741039, .16741039
.0000000, .16555266, .16555266
.32886165, .16628577, -.16257589
.61303341, .16757318, -.44546023
.64516234, .17155829, -.47360405
.76886004, .17595547, -.59290457
.79007137, .18135995, -.60871142
.79093158, .18588573, -.60504586
.80186337, .19161689, -.61024648
.80413568, .19500372, -.60913193
.79885173, .19829145, -.60056031
.78163522, .19392774, -.58770752
.63701898, .18640317, -.45061582
.53810596, .19063792, -.34746805
.0000000, .19206563, .19206563
.0000000, .18607315, .18607315
.0000000, .17790224, .17790224
.0000000, .18036288, .18036288
.0000000, .18123353, .18123353
.0000000, .17887481, .17887481
.0000000, .17648207, .17648207
.0000000, .17349759, .17349759
.0000000, .17047115, .17047115
.0000000, .16796994, .16796994
.0000000, .16715503, .16715503
.0000000, .16518870, .16518870
.22748651, .16608667, -.61399832E-01
.44244355, .16713572, -.27530783
.54811746, .17131132, -.37680614
.77285290, .17475031, -.59810257
.71893317, .18037799, -.53855515
.76006365, .18571121, -.57435244
.74467313, .19049801, -.55417514
.72748488, .19536167, -.53212321
.74496430, .19862041, -.54634392
.69025147, .19946584, -.49078563
.40894771, .19107988, -.21786782
.39234269, .18681288, -.20552981
.0000000, .19193777, .19193777
.0000000, .19146287, .19146287
.0000000, .18562809, .18562809
.0000000, .18326777, .18326777
.0000000, .18333910, .18333910
.0000000, .18122488, .18122488
.0000000, .17858282, .17858282
.0000000, .17517310, .17517310
.0000000, .17198858, .17198858
.0000000, .16952491, .16952491
.0000000, .16670547, .16670547
.52767195E-01, .16677216, .11400496
.23038691, .16451947, -.65867439E-01
.42940298, .16499585, -.26440713
.67005599, .16778728, -.50226867
.77845913, .17290860, -.60555053
.81352848, .17954542, -.63398308
.81750059, .18486154, -.63263905
.82075632, .19072434, -.63003194
.80552733, .19491358, -.61061376
.80554163, .19934803, -.60619360
.79514861, .19861856, -.59653008
.63140547, .19105360, -.44035187
.52937502, .18963006, -.33974496
.0000000, .19126149, .19126149
.0000000, .18690634, .18690634
.0000000, .18104360, .18104360
.0000000, .17955753, .17955753
.0000000, .17879091, .17879091
.0000000, .17625377, .17625377
.0000000, .17356586, .17356586
.0000000, .17054802, .17054802
.0000000, .16811675, .16811675
.0000000, .16559154, .16559154
.0000000, .16334060, .16334060
.59757210E-01, .16402651, .10426930
.38728762, .16419435, -.22309327
.69888330, .16693619, -.53194714
.62586439, .17332578, -.45253861
.69172478, .17544916, -.51627564
.64914036, .17777541, -.47136495
.64054388, .18056801, -.45997587
.60771978, .18184972, -.42587006
.62159097, .18403561, -.43755537
.79510903, .18780021, -.60730880
.81378949, .18964696, -.62414253
.67218745, .19071615, -.48147130
.51571709, .18989801, -.32581908
.0000000, .18331254, .18331254
.0000000, .17666021, .17666021
.0000000, .17202470, .17202470
.0000000, .16926448, .16926448
.0000000, .16568917, .16568917
.0000000, .16199893, .16199893
.0000000, .15909494, .15909494
.0000000, .15683939, .15683939
.0000000, .15431234, .15431234
.0000000, .15078282, .15078282
.0000000, .14793806, .14793806
.0000000, .14575908, .14575908
.34563607, .14686605, -.19877002
.65816212, .14776045, -.51040167
.61644351, .15157625, -.46486726
.75220060, .15323083, -.59896976
.71115977, .18064153, -.53051823
.77445090, .19101998, -.58343089
.78715384, .19552930, -.59162456
.79614711, .20020521, -.59594190
.82366788, .20474796, -.61891991
.82576740, .20058176, -.62518561
.65414029, .18771061, -.46642968
.0000000, .18999054, .18999054
.0000000, .19847015, .19847015
.0000000, .19832131, .19832131
.0000000, .18969594, .18969594
.0000000, .18986057, .18986057
.0000000, .19073778, .19073778
.0000000, .18810508, .18810508
.0000000, .18500912, .18500912
.0000000, .18189001, .18189001
.0000000, .17888972, .17888972
.0000000, .17564090, .17564090
.0000000, .17324878, .17324878
.67587852E-01, .17321120, .10562335
.37264246, .17201591, -.20062655
.68886769, .17399172, -.51487595
.70578992, .17967886, -.52611107
.83136857, .18358074, -.64778781
.80434918, .19015849, -.61419070
.78008628, .19399600, -.58609027
.75147682, .19845632, -.55302048
.70004570, .20253775, -.49750796
.71850973, .20379479, -.51471496
.79627615, .20304455, -.59323162
.61808270, .19917482, -.41890788
.42394525, .19681662, -.22712862
.0000000, .19406994, .19406994
.0000000, .19156215, .19156215
.0000000, .18954490, .18954490
.0000000, .18671075, .18671075
.0000000, .18378639, .18378639
.0000000, .18068232, .18068232
.0000000, .17753351, .17753351
.0000000, .17405190, .17405190
.0000000, .17108518, .17108518
.0000000, .16840827, .16840827
.0000000, .16628253, .16628253
.74081562E-01, .16633193, .92250369E-01
.39734596, .16513567, -.23221029
.69430965, .16843800, -.52587163
.63222235, .17349125, -.45873111
.70468581, .17712826, -.52755755
.73056853, .18031035, -.55025816
.79641134, .18450344, -.61190790
.70375657, .18900163, -.51475495
.77879584, .19021226, -.58858359
.82611597, .19288045, -.63323551
.77046490, .19659367, -.57387125
.64440596, .20009495, -.44431102
.41529009, .19767797, -.21761212
.0000000, .18484482, .18484482
.0000000, .17853346, .17853346
.0000000, .18118742, .18118742
.0000000, .17998399, .17998399
.0000000, .17554519, .17554519
.0000000, .17202878, .17202878
.0000000, .16782284, .16782284
.0000000, .16544415, .16544415
.0000000, .16140430, .16140430
.0000000, .15812646, .15812646
.0000000, .15513726, .15513726
.73851392E-01, .15479784, .80946445E-01
.35201365, .15299201, -.19902164
.67548615, .15448241, -.52100372
.64527118, .15926431, -.48600686
.69318360, .16233559, -.53084803
.72312820, .16312796, -.56000024
.72145194, .16414180, -.55731010
.66157418, .16730672, -.49426746
.69348425, .17092495, -.52255929
.76292306, .17393482, -.58898824
.81335467, .17568401, -.63767064
.68055373, .17757672, -.50297701
.51191294, .17818579, -.33372715
.0000000, .17192815, .17192815
.0000000, .16720149, .16720149
.0000000, .16284245, .16284245
.0000000, .15950353, .15950353
.0000000, .15579262, .15579262
.0000000, .15255202, .15255202
.0000000, .14973602, .14973602
.0000000, .14697877, .14697877
.0000000, .14460400, .14460400
.0000000, .14298940, .14298940
.0000000, .14062026, .14062026
.78794397E-01, .14241123, .63616835E-01
.38257247, .14171743, -.24085504
.69313598, .14310142, -.55003452
.69606984, .14704525, -.54902458
.82027638, .15147930, -.66879708
.73056406, .15497148, -.57559258
.72201037, .15765080, -.56435955
.71491766, .15994336, -.55497432
.68870384, .16230297, -.52640086
.78208691, .16375130, -.61833560
.75239414, .16625361, -.58614051
.58670366, .16758928, -.41911438
.48710144, .16734213, -.31975931
.0000000, .16065396, .16065396
.0000000, .15669474, .15669474
.0000000, .15344420, .15344420
.0000000, .14976121, .14976121
.0000000, .14697745, .14697745
.0000000, .14356488, .14356488
.0000000, .14031279, .14031279
.0000000, .13823885, .13823885
.0000000, .13555172, .13555172
.0000000, .13325906, .13325906
.0000000, .13108997, .13108997
.73305473E-01, .13326189, .59956416E-01
.38995537, .13401482, -.25594056
.68822044, .13567454, -.55254591
.58153558, .13946442, -.44207114
.64285135, .14082165, -.50202972
.66293466, .14152828, -.52140641
.72045475, .14008012, -.58037460
.69121373, .14262524, -.54858851
.66729361, .14502797, -.52226567
.76007831, .14746472, -.61261356
.78474623, .14954481, -.63520145
.66967773, .15071726, -.51896048
.49430567, .15106979, -.34323588
.0000000, .14516501, .14516501
.0000000, .14233924, .14233924
.0000000, .13943848, .13943848
.0000000, .13701358, .13701358
.0000000, .13487807, .13487807
.0000000, .13247304, .13247304
.0000000, .13061526, .13061526
.0000000, .12922755, .12922755
.0000000, .12776743, .12776743
.0000000, .12619196, .12619196
.0000000, .12457095, .12457095
.54941975E-01, .12732899, .72387017E-01
.33572870, .12641786, -.20931084
.67316693, .12795421, -.54521275
.69729233, .13084066, -.56645167
.80681539, .13316831, -.67364705
.82201785, .13661954, -.68539834
.82208258, .13977580, -.68230677
.80380565, .14294854, -.66085708
.80071199, .15003565, -.65067637
.67966086, .15662764, -.52303320
.74553573, .18620771, -.55932802
.41673100, .20123255, -.21549845
.0000000, .18070164, .18070164
.0000000, .16123539, .16123539
.0000000, .17787053, .17787053
.0000000, .18596762, .18596762
.0000000, .17943290, .17943290
.0000000, .16904043, .16904043
.0000000, .16963816, .16963816
.0000000, .17134035, .17134035
.0000000, .16971126, .16971126
.0000000, .17122498, .17122498
.0000000, .17226146, .17226146
.0000000, .17073371, .17073371
.54062322E-01, .17165938, .11759706
.36270535, .17866376, -.18404159
.64283413, .18027794, -.46255618
.64346886, .18619633, -.45727253
.79220688, .19055323, -.60165364
.78178328, .20344675, -.57833654
.78608263, .21096417, -.57511842
.73587936, .21382329, -.52205610
.75197697, .21237862, -.53959835
.84825909, .20706789, -.64119118
.84051919, .20690072, -.63361847
.69667852, .21258372, -.48409480
.55367398, .21131617, -.34235781
.0000000, .19947371, .19947371
.0000000, .19853394, .19853394
.0000000, .20417568, .20417568
.0000000, .20194279, .20194279
.0000000, .19781473, .19781473
.0000000, .19509044, .19509044
.0000000, .19372319, .19372319
.0000000, .19029970, .19029970
.0000000, .18690188, .18690188
.0000000, .18344440, .18344440
.0000000, .18025291, .18025291
.62887006E-01, .18023281, .11734580
.40420237, .17857055, -.22563182
.67549723, .17955117, -.49594605
.62542593, .18504629, -.44037965
.61291045, .18701807, -.42589238
.66042483, .18921454, -.47121030
.64822757, .19252436, -.45570320
.61843252, .19562507, -.42280746
.74360687, .20095295, -.54265392
.78419757, .20490775, -.57928979
.67359799, .20731786, -.46628013
.64559692, .22514303, -.42045391
.0000000, .22156142, .22156142
.0000000, .21297976, .21297976
.0000000, .20768327, .20768327
.0000000, .20412892, .20412892
.0000000, .19806536, .19806536
.0000000, .19292954, .19292954
.0000000, .18810390, .18810390
.0000000, .18472798, .18472798
.0000000, .18154176, .18154176
.0000000, .17805490, .17805490
.0000000, .17468667, .17468667
.0000000, .17184614, .17184614
.0000000, .16930908, .16930908
.0000000, .16704255, .16704255
.55627954, .16677311, -.38950643
.60486448, .16998351, -.43488097
.70519978, .17228672, -.53291309
.76962364, .17824228, -.59138137
.76623011, .18334261, -.58288753
.78165042, .18821026, -.59344018
.74302757, .19320278, -.54982477
.74047124, .19708753, -.54338372
.73276466, .20115903, -.53160560
.49196368, .20326565, -.28869802
.41674849, .20291966, -.21382883
.0000000, .19826114, .19826114
.0000000, .19401078, .19401078
.0000000, .18990470, .18990470
.0000000, .18584153, .18584153
.0000000, .18236046, .18236046
.0000000, .17897600, .17897600
.0000000, .17610611, .17610611
.0000000, .17371505, .17371505
.0000000, .17099212, .17099212
.0000000, .16876221, .16876221
.0000000, .16668971, .16668971
.56784078E-01, .16716187, .11037779
.37896115, .16658011, -.21238104
.67517018, .16916364, -.50600654
.70937395, .17563969, -.53373426
.83537632, .18140176, -.65397453
.78050351, .18766940, -.59283412
.69340855, .19131523, -.50209332
.77187598, .19340016, -.57847583
.72689486, .20190601, -.52498883
.76154661, .20428905, -.55725753
.68894953, .20603293, -.48291659
.54571426, .20693927, -.33877498
.39155132, .20367467, -.18787664
.0000000, .19624932, .19624932
.0000000, .18922080, .18922080
.0000000, .18324700, .18324700
.0000000, .17774159, .17774159
.0000000, .17417270, .17417270
.0000000, .17030711, .17030711
.0000000, .16684660, .16684660
.0000000, .16373378, .16373378
.0000000, .16139993, .16139993
.0000000, .15824777, .15824777
.0000000, .15536869, .15536869
.71855821E-01, .15632172, .84465899E-01
.39059895, .15680955, -.23378940
.71343124, .16073343, -.55269778
.60415840, .16671318, -.43744522
.66003543, .16971031, -.49032512
.62279308, .17169511, -.45109797
.63295615, .17401274, -.45894343
.58319759, .17639691, -.40680069
.62074947, .18207100, -.43867847
.70168382, .18734065, -.51434314
.62947869, .18942180, -.44005689
.55689657, .18789904, -.36899751
.45324284, .18449473, -.26874810
.0000000, .17699483, .17699483
.0000000, .17088130, .17088130
.0000000, .16606517, .16606517
.0000000, .16074729, .16074729
.0000000, .15793839, .15793839
.0000000, .15206274, .15206274
.0000000, .14896384, .14896384
.0000000, .14568359, .14568359
.0000000, .14289641, .14289641
.0000000, .14034840, .14034840
.0000000, .13820070, .13820070
.69807783E-01, .13980162, .69993839E-01
.38901353, .14080712, -.24820641
.70363384, .14374985, -.55988401
.60629797, .14915356, -.45714441
.76583338, .14918670, -.61664665
.77561045, .15281560, -.62279487
.74192417, .15483321, -.58709097
.72439766, .15776151, -.56663615
.74323219, .16251625, -.58071595
.79263341, .16762440, -.62500900
.82658303, .16960910, -.65697396
.65119582, .17119576, -.48000008
.58966732, .17114878, -.41851854
.0000000, .16606034, .16606034
.0000000, .16180223, .16180223
.0000000, .15856269, .15856269
.0000000, .15610060, .15610060
.0000000, .15357298, .15357298
.0000000, .15130961, .15130961
.0000000, .14845316, .14845316
.0000000, .14951207, .14951207
.0000000, .14879389, .14879389
.0000000, .14713553, .14713553
.0000000, .14567700, .14567700
.67519173E-01, .14795293, .80433756E-01
.38036174, .14651699, -.23384474
.71893972, .14812946, -.57081026
.71092075, .15245557, -.55846518
.79872799, .15609372, -.64263427
.73834223, .15860446, -.57973778
.69949424, .16196154, -.53753269
.67257684, .16538335, -.50719351
.69416970, .16802266, -.52614701
.71575332, .17077878, -.54497457
.65986431, .17226255, -.48760176
.65201920, .17312033, -.47889888
.39276129, .17372863, -.21903266
.0000000, .16671455, .16671455
.0000000, .16270392, .16270392
.0000000, .15897891, .15897891
.0000000, .15609720, .15609720
.0000000, .15330683, .15330683
.0000000, .15085654, .15085654
.0000000, .14857149, .14857149
.0000000, .14651719, .14651719
.0000000, .14411947, .14411947
.0000000, .14184266, .14184266
.0000000, .14001238, .14001238
.61469264E-01, .14587383, .84404565E-01
.39039469, .14517787, -.24521682
.69578695, .14654109, -.54924583
.72027165, .14997953, -.57029212
.73313510, .15388376, -.57925135
.72354513, .15664622, -.56689894
.71085906, .15991111, -.55094796
.65644300, .16333431, -.49310869
.72633743, .16406968, -.56226778
.78622067, .16631402, -.61990666
.78697121, .16898865, -.61798257
.60748255, .17165631, -.43582624
.40737653, .17262083, -.23475569
.0000000, .16680843, .16680843
.0000000, .16369799, .16369799
.0000000, .16040598, .16040598
.0000000, .15755051, .15755051
.0000000, .15476699, .15476699
.0000000, .15420716, .15420716
.0000000, .19353077, .19353077
.0000000, .19543070, .19543070
.0000000, .19165504, .19165504
.0000000, .18958066, .18958066
.0000000, .18842228, .18842228
.69818944E-01, .18808888, .11826994
.34371182, .18564254, -.15806928
.72069347, .18604290, -.53465056
.68253678, .19004907, -.49248773
.78848052, .19373199, -.59474850
.79449159, .19840291, -.59608865
.80265641, .20242852, -.60022789
.77441013, .20651507, -.56789505
.77296346, .20988365, -.56307983
.76947474, .21242461, -.55705011
.75708663, .21436276, -.54272389
.59499151, .21541646, -.37957504
.48255861, .21320008, -.26935852
.0000000, .20344463, .20344463
.0000000, .19759978, .19759978
.0000000, .19696826, .19696826
.0000000, .19470710, .19470710
.0000000, .19233207, .19233207
.0000000, .18829915, .18829915
.0000000, .18433493, .18433493
.0000000, .18073782, .18073782
.0000000, .17750746, .17750746
.0000000, .17430975, .17430975
.0000000, .17142287, .17142287
.76814428E-01, .17241244, .95598012E-01
.38083255, .17104003, -.20979252
.69895029, .17294718, -.52600312
.65265465, .17759858, -.47505605
.70739830, .18183401, -.52556431
.71320069, .18505764, -.52814305
.71671796, .18904057, -.52767742
.71375740, .19234100, -.52141643
.69783968, .19563630, -.50220335
.69233292, .19807795, -.49425498
.43687254, .20109820, -.23577434
.60896397, .20067407, -.40828991
.61677474, .20149454, -.41528019
.0000000, .19740391, .19740391
.0000000, .19220404, .19220404
.0000000, .18704328, .18704328
.0000000, .18287304, .18287304
.0000000, .17834741, .17834741
.0000000, .17462701, .17462701
.0000000, .17154251, .17154251
.0000000, .16843584, .16843584
.0000000, .16582943, .16582943
.0000000, .16352069, .16352069
.0000000, .16145748, .16145748
.63355848E-01, .16210292, .98747075E-01
.38738364, .16052933, -.22685431
.69510943, .16270366, -.53240573
.65684408, .16774698, -.48909712
.67095053, .17084196, -.50010860
.61619884, .17424476, -.44195408
.69183737, .17702802, -.51480937
.63068485, .18102205, -.44966280
.78439486, .18228075, -.60211408
.52725458, .18571118, -.34154341
.61082262, .19203326, -.41878936
.64103991, .19927275, -.44176716
.0000000, .19832066, .19832066
.0000000, .19360554, .19360554
.0000000, .18920414, .18920414
.0000000, .18646058, .18646058
.0000000, .19825590, .19825590
.0000000, .20302634, .20302634
.0000000, .19975036, .19975036
.0000000, .19558010, .19558010
.0000000, .19158168, .19158168
.0000000, .18818457, .18818457
.0000000, .18494709, .18494709
.0000000, .18197900, .18197900
.61148800E-01, .18206382, .12091502
.36961347, .18064269, -.18897077
.71683455, .18261571, -.53421885
.72836661, .18813016, -.54023647
.76980555, .19377327, -.57603228
.80317700, .19942029, -.60375673
.74683130, .20553872, -.54129255
.78382409, .20906231, -.57476175
.56781268, .21402146, -.35379124
.61761141, .21817246, -.39943895
.54978400, .21953428, -.33024973
.43235916, .22074680, -.21161236
.44285423, .21988668, -.22296755
.0000000, .21582040, .21582040
.0000000, .21061742, .21061742
.0000000, .20573570, .20573570
.0000000, .20147920, .20147920
.0000000, .19731890, .19731890
.0000000, .19338790, .19338790
.0000000, .18991236, .18991236
.0000000, .18636280, .18636280
.0000000, .18371785, .18371785
.0000000, .18105195, .18105195
.0000000, .17813870, .17813870
.65576680E-01, .17819099, .11261431
.41664362, .17689066, -.23975296
.70646638, .18007267, -.52639371
.65214860, .18707187, -.46507674
.69279259, .19212541, -.50066721
.64733922, .19506219, -.45227703
.64243788, .19911823, -.44331965
.67193151, .20302166, -.46890986
.62777191, .20699878, -.42077315
.63793200, .20954430, -.42838770
.70143831, .21194342, -.48949489
.58071935, .21484627, -.36587310
.0000000, .21047726, .21047726
.0000000, .20672144, .20672144
.0000000, .20285131, .20285131
.0000000, .19812950, .19812950
.0000000, .19411616, .19411616
.0000000, .19044392, .19044392
.0000000, .18683405, .18683405
.0000000, .18371099, .18371099
.0000000, .18057224, .18057224
.0000000, .17770572, .17770572
.0000000, .17540224, .17540224
.0000000, .17318851, .17318851
.79041481E-01, .17311101, .94069526E-01
.39267361, .17253695, -.22013666
.63312745, .17483076, -.45829669
.59589463, .18021992, -.41567472
.68617785, .18478417, -.50139368
.60086095, .18940680, -.41145414
.61337185, .19278839, -.42058346
.62158859, .19607683, -.42551178
.58793074, .19969258, -.38823816
.57752156, .20148668, -.37603489
.63614953, .20370036, -.43244916
.52707553, .20649566, -.32057989
.0000000, .20264001, .20264001
.0000000, .19802400, .19802400
.0000000, .19359967, .19359967
.0000000, .18926562, .18926562
.0000000, .18556084, .18556084
.0000000, .18205504, .18205504
.0000000, .17912015, .17912015
.0000000, .17635244, .17635244
.0000000, .17394507, .17394507
.0000000, .17150615, .17150615
.0000000, .16880901, .16880901
.0000000, .16727073, .16727073
.71698666E-01, .16736600, .95667332E-01
.37627226, .16639593, -.20987633
.62964368, .16828467, -.46135902
.61530650, .17288530, -.44242120
.81431806, .17612985, -.63818824
.76606953, .18250950, -.58356005
.82537848, .18679900, -.63857949
.78862965, .19118275, -.59744692
.78149736, .19642191, -.58507544
.81332427, .19893342, -.61439085
.80118531, .20328775, -.59789753
.62970245, .20651777, -.42318469
.0000000, .20374504, .20374504
.0000000, .19894095, .19894095
.0000000, .19405797, .19405797
.0000000, .18935728, .18935728
.0000000, .18591544, .18591544
.0000000, .18214861, .18214861
.0000000, .17852858, .17852858
.0000000, .17789897, .17789897
.0000000, .19129363, .19129363
.0000000, .18772550, .18772550
.0000000, .18427333, .18427333
.0000000, .18148778, .18148778
.0000000, .18143240, .18143240
.38194433, .18125638, -.20068794
.71888047, .18294355, -.53593695
.68912745, .18961824, -.49950922
.75291091, .19496208, -.55794883
.77529609, .20016447, -.57513165
.72173119, .20589305, -.51583815
.70046616, .20886633, -.49159983
.71031201, .21296655, -.49734545
.72137594, .21658094, -.50479501
.74079210, .22030115, -.52049094
.60978973, .22280285, -.38698688
.0000000, .21872450, .21872450
.0000000, .22132954, .22132954
.0000000, .21603449, .21603449
.0000000, .21065868, .21065868
.0000000, .20619507, .20619507
.0000000, .20177835, .20177835
.0000000, .19817759, .19817759
.0000000, .19448277, .19448277
.0000000, .19103193, .19103193
.0000000, .18820158, .18820158
.0000000, .18568876, .18568876
.0000000, .18322381, .18322381
.68952143E-01, .18324429, .11429214
.40272611, .18214181, -.22058430
.68805182, .18473768, -.50331414
.66672266, .19083396, -.47588870
.79154474, .19572529, -.59581947
.77877724, .20142780, -.57734942
.86177033, .20711319, -.65465713
.84354597, .21316154, -.63038445
.83728856, .21820378, -.61908478
.81079793, .22287545, -.58792245
.80842012, .22695671, -.58146340
.68656814, .23084390, -.45572424
.42392671, .23228946, -.19163725
.0000000, .22557938, .22557938
.0000000, .21951355, .21951355
.0000000, .21464911, .21464911
.0000000, .21057221, .21057221
.0000000, .20551723, .20551723
.0000000, .20112321, .20112321
.0000000, .19757169, .19757169
.0000000, .19387832, .19387832
.0000000, .19020635, .19020635
.0000000, .18724978, .18724978
.0000000, .18442440, .18442440
.55466883E-01, .18360639, .12813950
.27197367, .18131451, -.90659156E-01
.65122318, .18168406, -.46953911
.66903043, .18660936, -.48242107
.79123539, .19068986, -.60054553
.80587345, .19639334, -.60948014
.83336544, .20099470, -.63237071
.73245043, .20615673, -.52629369
.82288045, .20998827, -.61289215
.72153163, .21369874, -.50783288
.77247536, .21684377, -.55563158
.61531299, .21994352, -.39536947
.0000000, .21649362, .21649362
.0000000, .21085227, .21085227
.0000000, .20547149, .20547149
.0000000, .20100231, .20100231
.0000000, .19683224, .19683224
.0000000, .19248742, .19248742
.0000000, .18924958, .18924958
.0000000, .18578616, .18578616
.0000000, .18284497, .18284497
.0000000, .18028575, .18028575
.0000000, .17788938, .17788938
.0000000, .17543556, .17543556
.49911585E-01, .17567569, .12576410
.26450494, .17369311, -.90811834E-01
.60585821, .17448975, -.43136847
.68884748, .17913522, -.50971228
.68476450, .18416095, -.50060356
.76128948, .18797517, -.57331431
.79868519, .19330063, -.60538459
.76783651, .19772047, -.57011604
.80081797, .20235360, -.59846437
.78956985, .20538677, -.58418310
.80374706, .20943134, -.59431571
.60235250, .21311715, -.38923535
.0000000, .20891695, .20891695
.0000000, .20322601, .20322601
.0000000, .19847970, .19847970
.0000000, .19444537, .19444537
.0000000, .18808931, .18808931
.0000000, .18389484, .18389484
.0000000, .18129796, .18129796
.0000000, .17878646, .17878646
.0000000, .17623295, .17623295
.0000000, .17423782, .17423782
.0000000, .17251098, .17251098
.0000000, .17086576, .17086576
.72917342E-01, .17160572, .98688379E-01
.37301549, .17084827, -.20216723
.69658345, .17314219, -.52344126
.72524798, .18058023, -.54466772
.83145559, .18574136, -.64571422
.71355319, .19255799, -.52099520
.67964077, .19549726, -.48414350
.69560230, .19831595, -.49728635
.72849900, .20399034, -.52450866
.82194990, .20956644, -.61238348
.78609484, .21322466, -.57287019
.70483857, .21496102, -.48987755
.55373693, .21507350, -.33866343
.0000000, .20910032, .20910032
.0000000, .20336950, .20336950
.0000000, .19751680, .19751680
.0000000, .19208013, .19208013
.0000000, .18696284, .18696284
.0000000, .18268283, .18268283
.0000000, .17837763, .17837763
.0000000, .17471632, .17471632
.0000000, .17174740, .17174740
.0000000, .16917413, .16917413
.0000000, .16664000, .16664000
.78373268E-01, .16735157, .88978305E-01
.37437105, .16670713, -.20766392
.69695002, .16869634, -.52825367
.73002195, .17428362, -.55573833
.82064271, .17953974, -.64110297
.80880594, .18479706, -.62400889
.75864208, .18937576, -.56926632
.75562960, .19354500, -.56208462
.75546062, .19838995, -.55707067
.78712893, .20238760, -.58474135
.77825582, .20666325, -.57159257
.57005417, .20841068, -.36164349
.45183331, .20764020, -.24419311
.0000000, .20006026, .20006026
.0000000, .19322386, .19322386
.0000000, .18750277, .18750277
.0000000, .18233319, .18233319
.0000000, .17770423, .17770423
.0000000, .17318204, .17318204
.0000000, .16891554, .16891554
.0000000, .16521703, .16521703
.0000000, .16141495, .16141495
.0000000, .15794161, .15794161
.0000000, .15473472, .15473472
.72260156E-01, .15591170, .83651543E-01
.40560856, .15662828, -.24898028
.72444469, .16002910, -.56441557
.57738942, .16736132, -.41002810
.65826643, .16930389, -.48896253
.64415890, .17237934, -.47177956
.63805324, .17410251, -.46395072
.65195787, .17678697, -.47517091
.67984325, .18258114, -.49726212
.79454702, .18897000, -.60557699
.77096534, .19290832, -.57805705
.57429445, .19362792, -.38066652
.0000000, .18770103, .18770103
.0000000, .18043208, .18043208
.0000000, .17434865, .17434865
.0000000, .16873489, .16873489
.0000000, .16463265, .16463265
.0000000, .16058005, .16058005
.0000000, .15690090, .15690090
.0000000, .15439312, .15439312
.0000000, .15213630, .15213630
.0000000, .14956239, .14956239
.0000000, .14703012, .14703012
.0000000, .14521059, .14521059
.71963713E-01, .14663000, .74666291E-01
.42146856, .14623110, -.27523744
.71902341, .14804190, -.57098150
.69013327, .15366182, -.53647149
.68651271, .15773144, -.52878129
.63417822, .16040215, -.47377607
.63372433, .16290401, -.47082031
.68669510, .16511787, -.52157724
.70090443, .16789871, -.53300571
.75055766, .17292637, -.57763129
.74413443, .17616884, -.56796557
.64893711, .17787594, -.47106117
.46997693, .17815839, -.29181856
.0000000, .17190340, .17190340
.0000000, .16735289, .16735289
.0000000, .16353977, .16353977
.0000000, .16017015, .16017015
.0000000, .15679440, .15679440
.0000000, .15355054, .15355054
.0000000, .15059346, .15059346
.0000000, .14796582, .14796582
.0000000, .14568421, .14568421
.0000000, .14298424, .14298424
.0000000, .14082628, .14082628
.78017667E-01, .14229700, .64279333E-01
.41267759, .14189440, -.27078319
.71095031, .14307526, -.56787503
.62153137, .14756489, -.47396648
.66434085, .14942145, -.51491940
.67324013, .15190327, -.52133685
.66026694, .15325108, -.50701582
.69139355, .15404879, -.53734475
.62084258, .15843028, -.46241230
.71955955, .16301125, -.55654830
.74099958, .16580193, -.57519764
.66405267, .16724046, -.49681222
.54542530, .16790286, -.37752244
.0000000, .16295475, .16295475
.0000000, .15914419, .15914419
.0000000, .15610203, .15610203
.0000000, .15296575, .15296575
.0000000, .15031707, .15031707
.0000000, .14877161, .14877161
.0000000, .14639302, .14639302
.0000000, .14410555, .14410555
.0000000, .14175628, .14175628
.0000000, .13960537, .13960537
.0000000, .13778166, .13778166
.74566156E-01, .13982826, .65262109E-01
.36845583, .13849950, -.22995633
.71907616, .13940886, -.57966733
.67929208, .14328118, -.53601092
.74225795, .14658490, -.59567308
.70677131, .15313891, -.55363238
.71793425, .22198536, -.49594891
.82449698, .23098597, -.59351099
.75588441, .23541534, -.52046907
.81318080, .23751591, -.57566488
.85870636, .23829985, -.62040651
.63068986, .23804912, -.39264074
.52909768, .23115209, -.29794559
.0000000, .22412029, .22412029
.0000000, .22255182, .22255182
.0000000, .22066921, .22066921
.0000000, .21663485, .21663485
.0000000, .21140063, .21140063
.0000000, .20642367, .20642367
.0000000, .20345841, .20345841
.0000000, .19980441, .19980441
.0000000, .19596228, .19596228
.0000000, .19210646, .19210646
.0000000, .18876386, .18876386
.0000000, .18583861, .18583861
.29222709, .18551022, -.10671687
.0000000, .18366063, .18366063
.57338220, .18340388, -.38997832
.81740159, .18735671, -.63004488
.74407834, .19365734, -.55042100
.78913093, .19868076, -.59045017
.47343805, .20423993, -.26919812
.77287793, .20561428, -.56726366
.79167271, .21068978, -.58098292
.71879923, .21512179, -.50367743
.57210946, .21824870, -.35386077
.45403767, .21926376, -.23477390
.0000000, .21503550, .21503550
.0000000, .21006596, .21006596
.0000000, .20537719, .20537719
.0000000, .20078601, .20078601
.0000000, .19650263, .19650263
.0000000, .19278106, .19278106
.0000000, .18953097, .18953097
.0000000, .18681142, .18681142
.0000000, .18395415, .18395415
.0000000, .18132076, .18132076
.0000000, .17882848, .17882848
.76783217E-01, .17898175, .10219853
.39896476, .17778358, -.22118118
.71781933, .18040097, -.53741837
.63646972, .18666327, -.44980645
.67687958, .19108126, -.48579833
.81283182, .19628850, -.61654329
.75662136, .20182091, -.55480045
.73820370, .20569418, -.53250951
.76552045, .21024758, -.55527288
.70478117, .21524736, -.48953381
.79688513, .21794724, -.57893789
.62116039, .22174814, -.39941224
.55258489, .22224763, -.33033726
.0000000, .21797296, .21797296
.0000000, .21131162, .21131162
.0000000, .20604573, .20604573
.0000000, .20107424, .20107424
.0000000, .19607157, .19607157
.0000000, .19145073, .19145073
.0000000, .18792257, .18792257
.0000000, .18478356, .18478356
.0000000, .18155496, .18155496
.0000000, .17879748, .17879748
.0000000, .17596172, .17596172
.81494331E-01, .17606425, .94569921E-01
.41957143, .17536154, -.24420989
.72325534, .17762192, -.54563344
.72066367, .18336958, -.53729409
.82991070, .18878883, -.64112186
.82146192, .19473724, -.62672466
.79922926, .20189156, -.59733772
.74640453, .20646104, -.53994346
.78360540, .21030682, -.57329857
.78310108, .21423711, -.56886399
.77720392, .21758927, -.55961466
.70258826, .22013135, -.48245692
.54897976, .22199649, -.32698327
.0000000, .21706010, .21706010
.0000000, .21103364, .21103364
.0000000, .20531446, .20531446
.0000000, .20029542, .20029542
.0000000, .19576070, .19576070
.0000000, .19155012, .19155012
.0000000, .18775240, .18775240
.0000000, .18399532, .18399532
.0000000, .18075773, .18075773
.0000000, .17821282, .17821282
.0000000, .17564283, .17564283
.53411331E-01, .17581345, .12240212
.33713132, .17393945, -.16319187
.64478731, .17539635, -.46939096
.68842149, .17995174, -.50846976
.77615851, .18860950, -.58754903
.68686020, .19949964, -.48736057
.62663966, .20316544, -.42347422
.69728023, .20618528, -.49109495
.82162023, .20980492, -.61181533
.85124528, .21464905, -.63659620
.84018528, .21852814, -.62165713
.65381646, .22252283, -.43129364
.62679815, .22468692, -.40211123
.0000000, .21977709, .21977709
.0000000, .21385184, .21385184
.0000000, .20801190, .20801190
.0000000, .20268798, .20268798
.0000000, .19804370, .19804370
.0000000, .19373365, .19373365
.0000000, .19022708, .19022708
.0000000, .18619971, .18619971
.0000000, .18386403, .18386403
.0000000, .18096742, .18096742
.0000000, .17843510, .17843510
.67625575E-01, .17841256, .11078698
.33665383, .17723486, -.15941897
.72539133, .17887416, -.54651713
.70343143, .18534721, -.51808423
.79834008, .19082063, -.60751945
.77440441, .19712310, -.57728130
.79226339, .20230970, -.58995366
.69149446, .20714149, -.48435298
.76782537, .20892164, -.55890369
.76956344, .21307932, -.55648410
.82710403, .21570566, -.61139834
.68512154, .22010311, -.46501842
.57090664, .22125565, -.34965098
.0000000, .21664861, .21664861
.0000000, .21061715, .21061715
.0000000, .20510295, .20510295
.0000000, .20032965, .20032965
.0000000, .19626959, .19626959
.0000000, .19240391, .19240391
.0000000, .18864347, .18864347
.0000000, .18532597, .18532597
.0000000, .18290411, .18290411
.0000000, .17998226, .17998226
.0000000, .17730397, .17730397
.72791182E-01, .17735304, .10456186
.38056427, .17588404, -.20468023
.71248531, .17799363, -.53449166
.74517596, .18356557, -.56161040
.81577682, .18949106, -.62628579
.72665948, .19510910, -.53155041
.76764631, .20865336, -.55899298
.77948177, .21401414, -.56546760
.78008276, .21859285, -.56148994
.80616307, .22204237, -.58412069
.82050323, .22596365, -.59453958
.66696614, .22988617, -.43707997
.43531018, .23165931, -.20365088
.0000000, .22568843, .22568843
.0000000, .21995601, .21995601
.0000000, .21424009, .21424009
.0000000, .20929568, .20929568
.0000000, .20483795, .20483795
.0000000, .20009229, .20009229
.0000000, .19557777, .19557777
.0000000, .19244397, .19244397
.0000000, .18975411, .18975411
.0000000, .18690276, .18690276
.0000000, .18387362, .18387362
.75105019E-01, .18378189, .10867687
.37740630, .18222971, -.19517659
.64924234, .18430430, -.46493804
.63243699, .18939084, -.44304615
.73180664, .19409184, -.53771478
.74626982, .19974925, -.54652059
.72215915, .20491350, -.51724565
.67971599, .20909299, -.47062302
.68106860, .21203756, -.46903104
.74122941, .21520883, -.52602059
.73946834, .21897288, -.52049547
.65227461, .22200890, -.43026572
.59175324, .22397737, -.36777586
.0000000, .22052434, .22052434
.0000000, .21513875, .21513875
.0000000, .20978871, .20978871
.0000000, .20449661, .20449661
.0000000, .20493180, .20493180
.0000000, .20072484, .20072484
.0000000, .19683224, .19683224
.0000000, .19294761, .19294761
.0000000, .18980417, .18980417
.0000000, .18715301, .18715301
.0000000, .18449895, .18449895
.77677116E-01, .18438213, .10670501
.39135468, .18328285, -.20807183
.64841557, .18548055, -.46293503
.55341840, .18987052, -.36354786
.68812889, .19363236, -.49449652
.64516652, .19807279, -.44709373
.61530757, .20174718, -.41356039
.65721714, .20402153, -.45319563
.60036826, .20786282, -.39250544
.68657106, .21021347, -.47635758
.68561745, .21326889, -.47234857
.39342415, .21583061, -.17759354
.37574807, .21508804, -.16066003
.0000000, .20956726, .20956726
.0000000, .20456402, .20456402
.0000000, .20000401, .20000401
.0000000, .19559361, .19559361
.0000000, .19170587, .19170587
.0000000, .18734407, .18734407
.0000000, .18403065, .18403065
.0000000, .18104398, .18104398
.0000000, .17770819, .17770819
.0000000, .17500104, .17500104
.0000000, .17225447, .17225447
.78365333E-01, .17235164, .93986310E-01
.38104296, .17076463, -.21027833
.60852587, .17273761, -.43578827
.52842528, .17693460, -.35149068
.58469808, .17885630, -.40584177
.54763716, .18116775, -.36646941
.50991148, .18282197, -.32708949
.53156030, .18303563, -.34852469
.53289592, .18817101, -.34472489
.60385215, .19436550, -.40948665
.66475290, .19704100, -.46771190
.59019816, .19839205, -.39180613
.44384915, .19828413, -.24556501
.0000000, .19318904, .19318904
.0000000, .18822394, .18822394
.0000000, .18357992, .18357992
.0000000, .17924744, .17924744
.0000000, .17534247, .17534247
.0000000, .17193909, .17193909
.0000000, .16907543, .16907543
.0000000, .16588512, .16588512
.0000000, .16297910, .16297910
.0000000, .16036917, .16036917
.0000000, .15822063, .15822063
.80109820E-01, .15796483, .77855006E-01
.37640291, .15689385, -.21950907
.60936463, .15864605, -.45071858
.54308617, .16236126, -.38072491
.63146973, .16516893, -.46630079
.54735774, .16796088, -.37939686
.56274223, .16898561, -.39375663
.57399601, .16886207, -.40513393
.57765919, .17282654, -.40483266
.63422787, .17666815, -.45755970
.67052460, .17857176, -.49195284
.58987999, .18011339, -.40976661
.59734249, .18051657, -.41682592
.0000000, .17708768, .17708768
.0000000, .17323074, .17323074
.0000000, .16918248, .16918248
.0000000, .16562140, .16562140
.0000000, .16250302, .16250302
.0000000, .15959941, .15959941
.0000000, .15690178, .15690178
.0000000, .15431558, .15431558
.0000000, .15142459, .15142459
.0000000, .14923185, .14923185
.0000000, .14699687, .14699687
.76375261E-01, .14809051, .71715251E-01
.35906693, .14702906, -.21203788
.60180330, .14803351, -.45376980
.45662308, .15156293, -.30506015
.42414021, .15267180, -.27146840
.48322025, .15282485, -.33039540
.45421678, .15316935, -.30104744
.43820715, .15276513, -.28544202
.49329606, .15558563, -.33771044
.52808094, .16052511, -.36755583
.52497780, .16200988, -.36296791
.53188431, .16234919, -.36953512
.53665614, .16259411, -.37406203
.0000000, .15888342, .15888342
.0000000, .15553832, .15553832
.0000000, .22575134, .22575134
.0000000, .21956031, .21956031
.0000000, .21420905, .21420905
.0000000, .20949923, .20949923
.0000000, .20471302, .20471302
.0000000, .20075133, .20075133
.0000000, .19689572, .19689572
.0000000, .19367054, .19367054
.0000000, .19088447, .19088447
.79090059E-01, .19019398, .11110392
.39531273, .18883310, -.20647962
.65176517, .19079071, -.46097445
.49195105, .19676170, -.29518935
.42610788, .19858027, -.22752762
.45644730, .19877723, -.25767007
.47358191, .20006217, -.27351975
.44499236, .20006785, -.24492452
.45148492, .20133039, -.25015453
.64628106, .20469120, -.44158986
.56767082, .20789537, -.35977545
.52583909, .20898706, -.31685203
.63423562, .20753482, -.42670080
.0000000, .20526807, .20526807
.0000000, .20264058, .20264058
.0000000, .20060712, .20060712
.0000000, .19535726, .19535726
.0000000, .19118612, .19118612
.0000000, .18714951, .18714951
.0000000, .18339334, .18339334
.0000000, .18028903, .18028903
.0000000, .17723605, .17723605
.0000000, .17388573, .17388573
.0000000, .17127170, .17127170
.80786735E-01, .17127919, .90492457E-01
.38115329, .17009364, -.21105964
.72537100, .17204981, -.55332118
.70995295, .17764351, -.53230941
.68377000, .18355125, -.50021875
.67287242, .18776940, -.48510301
.61222863, .18976711, -.42246151
.65975666, .19308658, -.46667010
.68949896, .19796018, -.49153876
.68283379, .20271061, -.48012316
.62418091, .20532481, -.41885608
.55937481, .20672520, -.35264963
.0000000, .20322968, .20322968
.0000000, .19741179, .19741179
.0000000, .19307566, .19307566
.0000000, .18843633, .18843633
.0000000, .18569671, .18569671
.0000000, .18212458, .18212458
.0000000, .17820382, .17820382
.0000000, .17448291, .17448291
.0000000, .17151028, .17151028
.0000000, .16924867, .16924867
.0000000, .17534797, .17534797
.0000000, .18417716, .18417716
.46717636E-01, .18348244, .13676479
.0000000, .17904681, .17904681
.69431978, .17865911, -.51566064
.65615612, .18485986, -.47129625
.72541648, .18966222, -.53575426
.75347489, .19615620, -.55731869
.82892472, .20164630, -.62727845
.68644249, .20958346, -.47685903
.70759612, .21172574, -.49587038
.73338765, .21673703, -.51665062
.72321612, .22085913, -.50235701
.71752894, .22376302, -.49376592
.58185285, .22569737, -.35615548
.0000000, .22199857, .22199857
.0000000, .21668297, .21668297
.0000000, .21068475, .21068475
.0000000, .20533447, .20533447
.0000000, .20096833, .20096833
.0000000, .19719964, .19719964
.0000000, .19313687, .19313687
.0000000, .19011953, .19011953
.0000000, .18733412, .18733412
.0000000, .18430653, .18430653
.0000000, .18176802, .18176802
.77889368E-01, .18134044, .10345107
.38882303, .17964739, -.20917565
.62145376, .18180363, -.43965012
.54999584, .18696207, -.36303377
.51772863, .18974896, -.32797968
.53701508, .19206369, -.34495139
.51584971, .19393866, -.32191104
.55142975, .19658363, -.35484612
.57583678, .19926304, -.37657374
.60563916, .20249647, -.40314269
.56905377, .20526809, -.36378568
.57781994, .20662028, -.37119967
.54604536, .20814021, -.33790517
.0000000, .20537639, .20537639
.0000000, .19996119, .19996119
.0000000, .19529642, .19529642
.0000000, .19140150, .19140150
.0000000, .18696357, .18696357
.0000000, .18371230, .18371230
.0000000, .18040432, .18040432
.0000000, .17711738, .17711738
.0000000, .17411439, .17411439
.0000000, .17159103, .17159103
.0000000, .16940486, .16940486
.75304732E-01, .16884793, .93543202E-01
.40527594, .16796321, -.23731273
.60136592, .17042422, -.43094170
.48514515, .17457855, -.31056660
.46492094, .17548153, -.28943941
.56000686, .17754494, -.38246191
.54241222, .17958263, -.36282960
.51934755, .18252906, -.33681849
.57347322, .18597665, -.38749656
.63250697, .18965822, -.44284874
.56728286, .19249284, -.37479001
.63786101, .19303212, -.44482890
.53887916, .19468281, -.34419635
.0000000, .19100663, .19100663
.0000000, .18618739, .18618739
.0000000, .18200329, .18200329
.0000000, .17849347, .17849347
.0000000, .17478724, .17478724
.0000000, .17114002, .17114002
.0000000, .16804376, .16804376
.0000000, .16518164, .16518164
.0000000, .16243583, .16243583
.0000000, .16002101, .16002101
.0000000, .15739106, .15739106
.76039776E-01, .15753476, .81494987E-01
.38167933, .15617532, -.22550401
.61452240, .15764344, -.45687896
.53046346, .16037755, -.37008590
.51989985, .16294570, -.35695416
.50607020, .16469283, -.34137738
.57763141, .16671206, -.41091937
.62269735, .16990602, -.45279133
.68573594, .17282483, -.51291108
.68246919, .17621200, -.50625718
.56600428, .17964080, -.38636348
.62928402, .18056144, -.44872260
.55484509, .18243930, -.37240580
.0000000, .17905101, .17905101
.0000000, .17442060, .17442060
.0000000, .17053124, .17053124
.0000000, .16688709, .16688709
.0000000, .16378146, .16378146
.0000000, .16065301, .16065301
.0000000, .15763082, .15763082
.0000000, .15509450, .15509450
.0000000, .15272312, .15272312
.0000000, .15042996, .15042996
.0000000, .14794803, .14794803
.74367851E-01, .14886126, .74493408E-01
.37795913, .14765297, -.23030616
.60128915, .14887276, -.45241639
.51125127, .15183507, -.35941619
.46872872, .15280002, -.31592870
.51660734, .15345770, -.36314964
.51019430, .15387076, -.35632354
.50596368, .15404812, -.35191557
.49488991, .15669347, -.33819646
.57011306, .16080609, -.40930697
.57637072, .16314638, -.41322434
.55572784, .16416103, -.39156681
.57780558, .16461366, -.41319191
.0000000, .16077834, .16077834
.0000000, .15730597, .15730597
.0000000, .15419884, .15419884
.0000000, .15125921, .15125921
.0000000, .14844070, .14844070
.0000000, .14587376, .14587376
.0000000, .14351913, .14351913
.0000000, .14134100, .14134100
.0000000, .13902476, .13902476
.0000000, .13723564, .13723564
.0000000, .13558941, .13558941
.75360186E-01, .13657588, .61215691E-01
.38828218, .13549249, -.25278968
.59159040, .13656895, -.45502144
.49197787, .13954085, -.35243702
.44965118, .14072987, -.30892131
.49521017, .14104348, -.35416669
.49435890, .14334613, -.35101277
.51932526, .14365347, -.37567180
.49937445, .14627114, -.35310331
.62208360, .14945857, -.47262502
.57518137, .15215242, -.42302895
.63003349, .15316573, -.47686777
.57519740, .15401632, -.42118108
.0000000, .15011841, .15011841
.0000000, .14700596, .14700596
.0000000, .14432487, .14432487
.0000000, .14186265, .14186265
.0000000, .13952166, .13952166
.0000000, .13708541, .13708541
.0000000, .13518754, .13518754
.0000000, .13329694, .13329694
.0000000, .13155141, .13155141
.0000000, .12975706, .12975706
.0000000, .12830915, .12830915
.75901821E-01, .13003674, .54134920E-01
.36632538, .12926488, -.23706050
.60393357, .13025278, -.47368079
.54682642, .13248488, -.41434154
.48633522, .13447767, -.35185754
.52211142, .13476314, -.38734829
.49400294, .13563687, -.35836607
.54782462, .13683188, -.41099274
.63537055, .13853887, -.49683169
.57441640, .14167809, -.43273830
.58777332, .14306164, -.44471169
.60306728, .14430329, -.45876399
.57955259, .14528337, -.43426922
.0000000, .14110154, .14110154
.0000000, .13845868, .13845868
.0000000, .13590302, .13590302
.0000000, .13340859, .13340859
.0000000, .13119876, .13119876
.0000000, .12926160, .12926160
.0000000, .12755290, .12755290
.0000000, .12565908, .12565908
.0000000, .12428172, .12428172
.0000000, .12264755, .12264755
.0000000, .12135500, .12135500
.69694586E-01, .12348145, .53786866E-01
.39602089, .12251220, -.27350870
.62728763, .12380163, -.50348598
.58023638, .12632044, -.45391595
.54005051, .12893662, -.41111389
.65526038, .13026804, -.52499235
.66942561, .13248387, -.53694177
.67639697, .13406318, -.54233378
.66735208, .13614906, -.53120303
.67311156, .13814557, -.53496599
.62883610, .14007874, -.48875737
.64002132, .14158827, -.49843305
.58999425, .14269295, -.44730130
.0000000, .13800251, .13800251
.0000000, .13592787, .13592787
.0000000, .13358691, .13358691
.0000000, .13186666, .13186666
.0000000, .12986434, .12986434
.0000000, .12793338, .12793338
.0000000, .12597150, .12597150
.0000000, .12443237, .12443237
.0000000, .12293144, .12293144
.0000000, .12124790, .12124790
.0000000, .11982697, .11982697
.77458382E-01, .12261326, .45154877E-01
.36717790, .12224518, -.24493273
.58164692, .12260185, -.45904505
.57793438, .12442306, -.45351133
.54040378, .12604384, -.41435993
.57113874, .12575421, -.44538453
.62815833, .12702657, -.50113177
.63335794, .12881897, -.50453895
.63833541, .13074270, -.50759268
.65581846, .13214290, -.52367556
.59330487, .13339821, -.45990667
.58500153, .13461430, -.45038724
.60326082, .13548669, -.46777412
.0000000, .12980567, .12980567
.0000000, .12761898, .12761898
.0000000, .12578569, .12578569
.0000000, .12402272, .12402272
.0000000, .12225495, .12225495
.0000000, .12050617, .12050617
.0000000, .11902747, .11902747
.0000000, .11720823, .11720823
.0000000, .11581949, .11581949
.0000000, .11458308, .11458308
.0000000, .11319584, .11319584
.74521564E-01, .11723186, .42710297E-01
.34169042, .11672364, -.22496678
.63928831, .11727003, -.52201825
.58325088, .11931983, -.46393105
.47590667, .12001564, -.35589105
.53276449, .11936186, -.41340262
.48737395, .11873358, -.36864036
.46687388, .11852656, -.34834731
.55510473, .11950192, -.43560281
.59818614, .12139096, -.47679517
.52447367, .12307921, -.40139446
.53418428, .12371579, -.41046849
.56617665, .12432741, -.44184923
.0000000, .11874065, .11874065
.0000000, .11708532, .11708532
.0000000, .11560607, .11560607
.0000000, .11416038, .11416038
.0000000, .11288410, .11288410
.0000000, .11150074, .11150074
.0000000, .11042151, .11042151
.0000000, .10943752, .10943752
.0000000, .10822475, .10822475
.0000000, .10728951, .10728951
.0000000, .10623553, .10623553
.69870546E-01, .11021644, .40345892E-01
.34088582, .10971250, -.23117332
.54782248, .11054140, -.43728107
.67663503, .11086120, -.56577384
.59203368, .13934892, -.45268476
.58933651, .13910761, -.45022890
.61722255, .13865638, -.47856617
.62519145, .13980104, -.48539042
.60723794, .14067180, -.46656615
.67397892, .14296322, -.53101569
.55101800, .14609696, -.40492105
.57803613, .14641291, -.43162322
.48116601, .14691472, -.33425128
.0000000, .14015795, .14015795
.0000000, .13791454, .13791454
.0000000, .13573873, .13573873
.0000000, .13343993, .13343993
.0000000, .13154578, .13154578
.0000000, .12959917, .12959917
.0000000, .12781404, .12781404
.0000000, .12600319, .12600319
.0000000, .12393870, .12393870
.0000000, .12225993, .12225993
.0000000, .12111235, .12111235
.78041434E-01, .12499399, .46952561E-01
.34170106, .12418739, -.21751367
.61347079, .12378118, -.48968962
.56867492, .12597778, -.44269714
.52082890, .12655745, -.39427143
.54923427, .12514070, -.42409357
.54047143, .12397519, -.41649625
.54785502, .12238258, -.42547244
.53773010, .12296340, -.41476670
.59261322, .12485834, -.46775487
.53763688, .12628147, -.41135541
.58216739, .12684254, -.45532483
.49703467, .12692708, -.37010759
.0000000, .12025426, .12025426
.0000000, .11856352, .11856352
.0000000, .11703950, .11703950
.0000000, .11571606, .11571606
.0000000, .11431791, .11431791
.0000000, .11282565, .11282565
.0000000, .11194820, .11194820
.0000000, .11033975, .11033975
.0000000, .11143221, .11143221
.0000000, .11059418, .11059418
.0000000, .10947918, .10947918
.57595178E-01, .11384849, .56253307E-01
.32832214, .11582351, -.21249864
.56723118, .12080247, -.44642872
.66942704, .12632340, -.54310364
.65716279, .13533108, -.52183169
.83158243, .15596001, -.67562240
.81839794, .15762803, -.66076994
.73124230, .22329465, -.50794768
.77457333, .27996445, -.49460888
.85281920, .27678820, -.57603097
.70184928, .25630599, -.44554329
.61956155, .24377286, -.37578869
.0000000, .25582367, .25582367
.0000000, .25395492, .25395492
.0000000, .24686632, .24686632
.0000000, .24137458, .24137458
.0000000, .23754084, .23754084
.0000000, .23146650, .23146650
.0000000, .22490908, .22490908
.0000000, .21868235, .21868235
.0000000, .21269611, .21269611
.0000000, .20804326, .20804326
.0000000, .20388167, .20388167
.0000000, .20000935, .20000935
.75225130E-01, .19885910, .12363397
.35661528, .19583987, -.16077541
.65048957, .19625889, -.45423067
.73274219, .19954646, -.53319573
.73756480, .20447321, -.53309160
.81999707, .20931932, -.61067772
.79358077, .21456525, -.57901549
.78567076, .21881324, -.56685752
.75437236, .22331879, -.53105354
.79932064, .22561327, -.57370734
.70810115, .23059660, -.47750455
.64722961, .23328725, -.41394237
.61385995, .23542207, -.37843788
.0000000, .23132715, .23132715
.0000000, .22380233, .22380233
.0000000, .21776265, .21776265
.0000000, .21310912, .21310912
.0000000, .20825681, .20825681
.0000000, .20323962, .20323962
.0000000, .19920573, .19920573
.0000000, .19532034, .19532034
.0000000, .19181955, .19181955
.0000000, .18854451, .18854451
.0000000, .18584108, .18584108
.0000000, .18304285, .18304285
.36416483, .18305938, -.18110545
.68558431, .18520603, -.50037825
.64268494, .19144629, -.45123863
.73595095, .19597431, -.53997666
.81613207, .20121956, -.61491251
.86350358, .20628819, -.65721536
.78987420, .21306017, -.57681406
.83608443, .21789645, -.61818796
.81698108, .22274390, -.59423721
.49860364, .22598365, -.27261999
.39128768, .22547722, -.16581047
.0000000, .22012749, .22012749
.0000000, .21477094, .21477094
.0000000, .20992003, .20992003
.0000000, .20522274, .20522274
.0000000, .20060802, .20060802
.0000000, .19630855, .19630855
.0000000, .19262931, .19262931
.0000000, .18998276, .18998276
.0000000, .18647203, .18647203
.0000000, .18361257, .18361257
.0000000, .18030612, .18030612
.0000000, .17769979, .17769979
.0000000, .17547593, .17547593
.31771469, .17543142, -.14228328
.63376915, .17723566, -.45653349
.72252911, .18249191, -.54003721
.72294825, .18875700, -.53419125
.82918084, .19485801, -.63432282
.84328318, .20149004, -.64179313
.83076942, .20703200, -.62373745
.80847490, .21310157, -.59537333
.79339647, .21752334, -.57587314
.72914118, .22228813, -.50685304
.61400533, .22535869, -.38864663
.40992099, .22672236, -.18319863
.0000000, .22121033, .22121033
.0000000, .21560064, .21560064
.0000000, .21049808, .21049808
.0000000, .20577961, .20577961
.0000000, .20102064, .20102064
.0000000, .19701821, .19701821
.0000000, .19250381, .19250381
.0000000, .18901785, .18901785
.0000000, .18524143, .18524143
.0000000, .18242532, .18242532
.0000000, .17987642, .17987642
.0000000, .17716013, .17716013
.0000000, .17477268, .17477268
.0000000, .17277908, .17277908
.56245553, .17283839, -.38961715
.65271813, .17766008, -.47505805
.75514984, .18311852, -.57203132
.76272416, .18923166, -.57349253
.73912120, .19507281, -.54404837
.63143605, .20020452, -.43123153
.56616455, .20336747, -.36279708
.51378673, .20564049, -.30814624
.0000000, .20394066, .20394066
.0000000, .19969690, .19969690
.0000000, .19566968, .19566968
.0000000, .19205093, .19205093
.0000000, .18894175, .18894175
.0000000, .18603091, .18603091
.0000000, .18324554, .18324554
.0000000, .18072246, .18072246
.0000000, .17845264, .17845264
.0000000, .17634912, .17634912
.0000000, .17431305, .17431305
.0000000, .17230496, .17230496
.0000000, .17050913, .17050913
.0000000, .16944447, .16944447
.29017246, .17005968, -.12011278
.61193055, .17206156, -.43986899
.64753842, .17747821, -.47006023
.71114397, .18297905, -.52816492
.79335290, .18917225, -.60418063
.83537203, .19644856, -.63892347
.81716061, .20272228, -.61443830
.78737617, .20920359, -.57817256
.72824287, .21334106, -.51490182
.71591312, .21712446, -.49878865
.72361904, .22142768, -.50219136
.45166871, .22396480, -.22770391
.0000000, .21955323, .21955323
.0000000, .21490824, .21490824
.0000000, .20980817, .20980817
.0000000, .20559980, .20559980
.0000000, .20119011, .20119011
.0000000, .19744051, .19744051
.0000000, .19391708, .19391708
.0000000, .19023594, .19023594
.0000000, .18735883, .18735883
.0000000, .18488640, .18488640
.0000000, .18164304, .18164304
.0000000, .17949457, .17949457
.29490501, .17920184, -.11570317
.60130841, .18042906, -.42087936
.71862501, .18545608, -.53316891
.67302239, .19163719, -.48138520
.75870943, .19706848, -.56164098
.78332961, .20217440, -.58115518
.71205723, .20504430, -.50701296
.75423199, .20892267, -.54530931
.76988286, .21335533, -.55652750
.70693254, .21685743, -.49007511
.55906689, .21995977, -.33910713
.49860504, .22048056, -.27812448
.0000000, .21662304, .21662304
.0000000, .21128127, .21128127
.0000000, .20656490, .20656490
.0000000, .20202903, .20202903
.0000000, .19794762, .19794762
.0000000, .19390491, .19390491
.0000000, .19008832, .19008832
.0000000, .18686163, .18686163
.0000000, .18401666, .18401666
.0000000, .18137476, .18137476
.0000000, .17865793, .17865793
.57542048E-01, .17860046, .12105841
.34968537, .17722812, -.17245725
.70843053, .17899342, -.52943712
.64828783, .18505922, -.46322861
.51766223, .18939738, -.32826483
.59536552, .19018584, -.40517968
.55410951, .19258122, -.36152828
.59858549, .19321716, -.40536833
.63032758, .19614746, -.43418014
.68143547, .20051146, -.48092401
.66337621, .20418480, -.45919141
.55837983, .20560391, -.35277593
.37314677, .22966751, -.14347926
.0000000, .22409678, .22409678
.0000000, .21782735, .21782735
.0000000, .21200456, .21200456
.0000000, .20711921, .20711921
.0000000, .20295228, .20295228
.0000000, .19901240, .19901240
.0000000, .19565164, .19565164
.0000000, .19207340, .19207340
.0000000, .18894491, .18894491
.0000000, .18642026, .18642026
.0000000, .18397303, .18397303
.62055007E-01, .18308426, .12102926
.42525840, .18164213, -.24361627
.69993687, .18458365, -.51535320
.55785322, .19070341, -.36714983
.50224805, .19430688, -.30794117
.48971462, .19650577, -.29320884
.58560932, .19734834, -.38826096
.57667780, .19907473, -.37760305
.56157237, .20246141, -.35911095
.63484764, .20535597, -.42949167
.54737651, .20851955, -.33885697
.60189426, .20973039, -.39216387
.37882328, .21123582, -.16758746
.0000000, .20628434, .20628434
.0000000, .20096479, .20096479
.0000000, .19633186, .19633186
.0000000, .19206056, .19206056
.0000000, .19069764, .19069764
.0000000, .19362372, .19362372
.0000000, .19086748, .19086748
.0000000, .18762554, .18762554
.0000000, .18495694, .18495694
.0000000, .18253344, .18253344
.0000000, .17995954, .17995954
.77218622E-01, .17961083, .10239221
.41561645, .17888185, -.23673460
.63293505, .18182278, -.45111227
.63970315, .18711933, -.45258382
.56059760, .19236639, -.36823121
.56294048, .19453302, -.36840746
.64750379, .19758627, -.44991753
.64264965, .20621046, -.43643919
.58783615, .20861807, -.37921807
.69455487, .21025857, -.48429629
.0000000, .21076165, .21076165
.0000000, .20420799, .20420799
.0000000, .20936304, .20936304
.0000000, .20439041, .20439041
.0000000, .19897668, .19897668
.0000000, .19468862, .19468862
.0000000, .19100618, .19100618
.0000000, .18807819, .18807819
.0000000, .18509974, .18509974
.0000000, .18266314, .18266314
.0000000, .18053319, .18053319
.0000000, .17856835, .17856835
.0000000, .17675476, .17675476
.0000000, .17472504, .17472504
.0000000, .17267086, .17267086
.42048144, .17295761, -.24752383
.43031150, .17658137, -.25373012
.70882595, .18015192, -.52867401
.71095210, .18718317, -.52376890
.73497277, .19348669, -.54148608
.84010351, .19961217, -.64049137
.78517139, .20806690, -.57710451
.78267860, .21253860, -.57014000
.77965218, .21786344, -.56178874
.68893695, .22207147, -.46686548
.69208759, .22421667, -.46787092
.28852513, .22663409, -.61891049E-01
.0000000, .22029862, .22029862
.0000000, .21466857, .21466857
.0000000, .20992517, .20992517
.0000000, .20645688, .20645688
.0000000, .20181906, .20181906
.0000000, .19748433, .19748433
.0000000, .19348195, .19348195
.0000000, .19044095, .19044095
.0000000, .18747491, .18747491
.0000000, .18481585, .18481585
.0000000, .18210587, .18210587
.0000000, .17969859, .17969859
.42863113, .17984913, -.24878199
.42478144, .18326746, -.24151398
.72033715, .18602876, -.53430837
.67580247, .18996245, -.48584002
.73487550, .19425642, -.54061908
.74334574, .20034887, -.54299688
.69985354, .20776877, -.49208477
.73040146, .21180779, -.51859367
.75950456, .21577103, -.54373354
.64773780, .22043370, -.42730409
.65396816, .22178504, -.43218312
.33346164, .22374827, -.10971338
.0000000, .21798383, .21798383
.0000000, .21236454, .21236454
.0000000, .20682853, .20682853
.0000000, .20827298, .20827298
.0000000, .20352167, .20352167
.0000000, .19970812, .19970812
.0000000, .19564082, .19564082
.0000000, .19212738, .19212738
.0000000, .18922275, .18922275
.0000000, .18628223, .18628223
.0000000, .18326354, .18326354
.0000000, .18072426, .18072426
.0000000, .17848560, .17848560
.37944275, .17877080, -.20067196
.69949776, .18143319, -.51806456
.70611310, .18772899, -.51838410
.77819073, .19289616, -.58529460
.75685883, .19973496, -.55712390
.81042606, .20557845, -.60484761
.71392637, .20957778, -.50434858
.76281273, .21321161, -.54960114
.65201473, .21660355, -.43541119
.60233355, .21939030, -.38294324
.26925403, .22104311, -.48210919E-01
.0000000, .21655612, .21655612
.0000000, .21148963, .21148963
.0000000, .20683156, .20683156
.0000000, .20463207, .20463207
.0000000, .20084079, .20084079
.0000000, .19686806, .19686806
.0000000, .19265616, .19265616
.0000000, .18936312, .18936312
.0000000, .18820912, .18820912
.0000000, .18552898, .18552898
.0000000, .18284503, .18284503
.0000000, .17966385, .17966385
.38655066, .17952560, -.20702507
.41863891, .18217637, -.23646255
.59516460, .18507749, -.41008711
.69422197, .19022565, -.50399631
.74055016, .19625723, -.54429293
.82505345, .20095780, -.62409568
.82697135, .20812869, -.61884266
.84395826, .21406513, -.62989312
.53278816, .22041383, -.31237432
.69401383, .22150373, -.47251010
.71875799, .22471143, -.49404657
.23574081, .22770543, -.80353767E-02
.0000000, .22116096, .22116096
.0000000, .21553555, .21553555
.0000000, .21035643, .21035643
.0000000, .20550136, .20550136
.0000000, .20084906, .20084906
.0000000, .19677258, .19677258
.0000000, .19348797, .19348797
.0000000, .19040072, .19040072
.0000000, .18747838, .18747838
.0000000, .18442243, .18442243
.0000000, .18166941, .18166941
.47845542E-01, .18155396, .13370842
.38779050, .18000473, -.20778577
.41540703, .18229219, -.23311484
.68300176, .18477911, -.49822265
.67254186, .19046652, -.48207533
.74505764, .19520760, -.54985005
.69935119, .20117790, -.49817330
.73856527, .20595144, -.53261381
.73846984, .21005924, -.52841061
.69684088, .21391547, -.48292542
.67787385, .21702376, -.46085009
.0000000, .21618019, .21618019
.24201801, .21422270, -.27795315E-01
.0000000, .20866513, .20866513
.0000000, .20342433, .20342433
.0000000, .19903857, .19903857
.0000000, .19480050, .19480050
.0000000, .19139662, .19139662
.0000000, .18744215, .18744215
.0000000, .18443388, .18443388
.0000000, .18116319, .18116319
.0000000, .17890273, .17890273
.0000000, .17675939, .17675939
.0000000, .17467155, .17467155
.46131209E-01, .17459890, .12846769
.36568266, .17302981, -.19265285
.39991152, .17530927, -.22460225
.64865386, .17713925, -.47151461
.64749485, .18309923, -.46439564
.71582592, .18915606, -.52666986
.75637668, .19321615, -.56316054
.80945790, .20640726, -.60305065
.79582214, .21135068, -.58447146
.73309398, .21783067, -.51526332
.66771084, .22103122, -.44667962
.62166750, .22725113, -.39441639
.0000000, .22423956, .22423956
.0000000, .21797401, .21797401
.0000000, .21245335, .21245335
.0000000, .20732541, .20732541
.0000000, .20230675, .20230675
.0000000, .19828570, .19828570
.0000000, .19405188, .19405188
.0000000, .19073968, .19073968
.0000000, .18746687, .18746687
.0000000, .18439308, .18439308
.0000000, .18156174, .18156174
.0000000, .17857897, .17857897
.59104655E-01, .17882282, .11971816
.38285056, .17722884, -.20562172
.41117468, .17991173, -.23126295
.62867022, .18194966, -.44672054
.62628502, .18738350, -.43890151
.66636038, .19219637, -.47416401
.65701663, .19475058, -.46226606
.62538177, .20015758, -.42522418
.68002564, .20404045, -.47598517
.68986499, .20837371, -.48149127
.63257873, .21219796, -.42038077
.68145734, .21436086, -.46709648
.27015862, .21590109, -.54257527E-01
.0000000, .20963781, .20963781
.0000000, .20455043, .20455043
.0000000, .19960627, .19960627
.0000000, .19562176, .19562176
.0000000, .19134161, .19134161
.0000000, .18807948, .18807948
.0000000, .18466304, .18466304
.0000000, .18116364, .18116364
.0000000, .17870539, .17870539
.0000000, .17549673, .17549673
.0000000, .17319937, .17319937
.0000000, .17126724, .17126724
.38290152, .17150483, -.21139669
.41325215, .17364635, -.23960580
.68600875, .17618737, -.50982141
.61041868, .18115085, -.42926782
.67826921, .18141156, -.49685764
.65706205, .18392180, -.47314024
.63012564, .18626630, -.44385934
.62677979, .19000587, -.43677393
.77671874, .19357321, -.58314550
.63771069, .19798160, -.43972909
.0000000, .19644022, .19644022
.25983196, .19450724, -.65324724E-01
.0000000, .18886271, .18886271
.0000000, .18363556, .18363556
.0000000, .17949033, .17949033
.0000000, .17544134, .17544134
.0000000, .17184417, .17184417
.0000000, .16864394, .16864394
.0000000, .16572699, .16572699
.0000000, .16314098, .16314098
.0000000, .16074251, .16074251
.0000000, .15899104, .15899104
.0000000, .15674591, .15674591
.59209593E-01, .15733163, .98122038E-01
.42420775, .15690283, -.26730490
.38792583, .15885977, -.22906606
.52917254, .16090491, -.36826763
.51742697, .16484219, -.35258478
.54234457, .16770548, -.37463909
.55507725, .16947122, -.38560605
.53718770, .17128605, -.36590165
.60708255, .17286888, -.43421367
.64077127, .17580441, -.46496686
.63673127, .17896923, -.45776203
.61213917, .18091077, -.43122840
.22338375, .18250312, -.40880635E-01
.0000000, .17670652, .17670652
.0000000, .17292868, .17292868
.0000000, .16935697, .16935697
.0000000, .16602285, .16602285
.0000000, .16298711, .16298711
.0000000, .16014889, .16014889
.0000000, .15747297, .15747297
.0000000, .15528637, .15528637
.0000000, .15293959, .15293959
.0000000, .15031207, .15031207
.0000000, .14852557, .14852557
.0000000, .14760095, .14760095
.42527738, .14845252, -.27682486
.33422703, .15080085, -.18342617
.56000066, .15262809, -.40737256
.60096276, .15556887, -.44539389
.70733017, .15932477, -.54800540
.63891464, .16375539, -.47515926
.57945383, .16664496, -.41280887
.63563758, .16875149, -.46688610
.75570703, .17157513, -.58413190
.0000000, .17178838, .17178838
.39476690, .17218882, -.22257808
.0000000, .17298105, .17298105
.0000000, .17955449, .17955449
.0000000, .18648154, .18648154
.0000000, .20474838, .20474838
.0000000, .20265710, .20265710
.0000000, .19823748, .19823748
.0000000, .19434656, .19434656
.0000000, .19097285, .19097285
.0000000, .18810995, .18810995
.0000000, .18547958, .18547958
.0000000, .18307424, .18307424
.0000000, .18087937, .18087937
.0000000, .17860620, .17860620
.42954552, .17880414, -.25074136
.38916337, .18257722, -.20658615
.55523682, .18375888, -.37147793
.56423551, .18888491, -.37535059
.72538209, .19317117, -.53221095
.76948839, .19917655, -.57031184
.69653130, .20486881, -.49166250
.66011810, .20943354, -.45068455
.0000000, .20864855, .20864855
.0000000, .20914069, .20914069
.0000000, .20448515, .20448515
.0000000, .20053509, .20053509
.0000000, .19661622, .19661622
.0000000, .19352752, .19352752
.0000000, .18972835, .18972835
.0000000, .18682429, .18682429
.0000000, .18433334, .18433334
.0000000, .18215130, .18215130
.0000000, .17986700, .17986700
.0000000, .17754129, .17754129
.0000000, .17575558, .17575558
.0000000, .17394160, .17394160
.0000000, .17253019, .17253019
.0000000, .17109486, .17109486
.0000000, .16924332, .16924332
.42965502, .16944468, -.26021034
.68978280, .17350549, -.51627731
.67360908, .18041578, -.49319330
.76322782, .18667161, -.57655621
.68975115, .19289166, -.49685949
.63553095, .19845517, -.43707579
.64226985, .20299685, -.43927300
.73269868, .20726208, -.52543658
.54444695, .21230449, -.33214247
.0000000, .21040128, .21040128
.0000000, .21036838, .21036838
.0000000, .20501165, .20501165
.0000000, .20012791, .20012791
.0000000, .19542153, .19542153
.0000000, .19156161, .19156161
.0000000, .18780720, .18780720
.0000000, .18487683, .18487683
.0000000, .18256241, .18256241
.0000000, .18036044, .18036044
.0000000, .17770457, .17770457
.0000000, .17529044, .17529044
.0000000, .17309017, .17309017
.46291605E-01, .17331401, .12702240
.33204561, .17244104, -.15960458
.40059376, .17485774, -.22573602
.71477622, .17662004, -.53815615
.71039450, .18351103, -.52688348
.77140045, .19073328, -.58066714
.77027845, .19695853, -.57331991
.65476191, .20308395, -.45167798
.67278373, .20667796, -.46610576
.72161067, .21051559, -.51109505
.68194938, .21427947, -.46766990
.0000000, .21373874, .21373874
.0000000, .21163818, .21163818
.0000000, .20569405, .20569405
.0000000, .20016554, .20016554
.0000000, .19659868, .19659868
.0000000, .19253959, .19253959
.0000000, .18954249, .18954249
.0000000, .18667160, .18667160
.0000000, .18384491, .18384491
.0000000, .18147102, .18147102
.0000000, .17920351, .17920351
.0000000, .17715593, .17715593
.0000000, .17523515, .17523515
.0000000, .17342818, .17342818
.28552517, .17317213, -.11235304
.41842628, .17457433, -.24385194
.66469491, .17784184, -.48685306
.65944970, .18381283, -.47563687
.73660082, .18967651, -.54692429
.82437098, .19499624, -.62937474
.85120475, .20086710, -.65033764
.85925174, .20685640, -.65239537
.75846434, .21274072, -.54572362
.72296774, .21677423, -.50619352
.53566509, .21984030, -.31582481
.0000000, .21676117, .21676117
.0000000, .21198578, .21198578
.0000000, .20725617, .20725617
.0000000, .20263226, .20263226
.0000000, .19823369, .19823369
.0000000, .19462004, .19462004
.0000000, .19083481, .19083481
.0000000, .18767893, .18767893
.0000000, .18487474, .18487474
.0000000, .18227717, .18227717
.0000000, .17986995, .17986995
.0000000, .17756009, .17756009
.60891919E-01, .17761643, .11672451
.38782161, .17655914, -.21126248
.43795520, .17911550, -.25883970
.67950988, .18247254, -.49703735
.68151802, .18853933, -.49297869
.74316055, .19424750, -.54891306
.75784075, .19985318, -.55798757
.65972519, .20440249, -.45532268
.65981233, .20821112, -.45160121
.0000000, .20631780, .20631780
.0000000, .20711437, .20711437
.0000000, .20300862, .20300862
.0000000, .19865130, .19865130
.0000000, .19512461, .19512461
.0000000, .19115509, .19115509
.0000000, .18766455, .18766455
.0000000, .18472666, .18472666
.0000000, .18173586, .18173586
.0000000, .17922312, .17922312
.0000000, .17714307, .17714307
.0000000, .17507982, .17507982
.0000000, .17290594, .17290594
.0000000, .17096224, .17096224
.0000000, .16935983, .16935983
.0000000, .16802478, .16802478
.27232724, .16839509, -.10393216
.38810688, .17031981, -.21778707
.63440472, .17365624, -.46074849
.66605705, .17947665, -.48658040
.81834197, .18522868, -.63311327
.79078192, .19281578, -.59796613
.74904668, .20001692, -.54902977
.77915370, .20513767, -.57401603
.77203256, .21237682, -.55965573
.0000000, .21396893, .21396893
.0000000, .20818587, .20818587
.0000000, .20294093, .20294093
.0000000, .19865328, .19865328
.0000000, .19495425, .19495425
.0000000, .19127327, .19127327
.0000000, .18791771, .18791771
.0000000, .18510693, .18510693
.0000000, .18221620, .18221620
.0000000, .17928788, .17928788
.0000000, .17709088, .17709088
.0000000, .17500830, .17500830
.0000000, .17267954, .17267954
.0000000, .17098542, .17098542
.0000000, .16933003, .16933003
.0000000, .16773948, .16773948
.42548436, .16697788, -.25850648
.74775791, .17016894, -.57758898
.72689277, .17790085, -.54899192
.80556524, .18526597, -.62029928
.72586989, .19142762, -.53444231
.73963529, .19440652, -.54522878
.77395821, .19936980, -.57458842
.79145241, .20491275, -.58653963
.68657410, .21031477, -.47625935
.62101090, .21294710, -.40806380
.29208508, .21479219, -.77292889E-01
.0000000, .20753561, .20753561
.0000000, .20291871, .20291871
.0000000, .19725494, .19725494
.0000000, .19211361, .19211361
.0000000, .18822080, .18822080
.0000000, .18416150, .18416150
.0000000, .18080503, .18080503
.0000000, .17762025, .17762025
.0000000, .17436498, .17436498
.0000000, .17148781, .17148781
.0000000, .16867797, .16867797
.58998309E-01, .16895370, .10995539
.30918247, .16767025, -.14151222
.45067841, .16951860, -.28115982
.70506561, .17202550, -.53304011
.65733349, .17733836, -.47999513
.69501406, .18198067, -.51303339
.67408001, .18522108, -.48885894
.67884380, .18873343, -.49011037
.65191656, .19230327, -.45961329
.78319311, .19417170, -.58902144
.63836384, .19834745, -.44001639
.62236941, .19999167, -.42237774
.0000000, .19681951, .19681951
.0000000, .19087957, .19087957
.0000000, .18605919, .18605919
.0000000, .18165116, .18165116
.0000000, .17737572, .17737572
.0000000, .17425175, .17425175
.0000000, .17142971, .17142971
.0000000, .16794963, .16794963
.0000000, .16484225, .16484225
.0000000, .16248873, .16248873
.0000000, .15970935, .15970935
.0000000, .15676525, .15676525
.66189751E-01, .15681677, .90627015E-01
.42206168, .15607862, -.26598305
.42085832, .15883036, -.26202798
.61250663, .16125908, -.45124754
.57267320, .16565290, -.40702030
.63102603, .16946180, -.46156424
.66491306, .17334987, -.49156320
.72703040, .17742175, -.54960865
.71732402, .18227942, -.53504461
.74186087, .18629546, -.55556542
.59596008, .18986833, -.40609175
.63603199, .19100705, -.44502494
.25516793, .19234982, -.62818110E-01
.0000000, .18616045, .18616045
.0000000, .18235628, .18235628
.0000000, .17814112, .17814112
.0000000, .17511830, .17511830
.0000000, .17230459, .17230459
.0000000, .16893639, .16893639
.0000000, .16459295, .16459295
.0000000, .16170149, .16170149
.0000000, .15927531, .15927531
.0000000, .15681219, .15681219
.0000000, .15493536, .15493536
.70787363E-01, .15552895, .84741585E-01
.37898636, .15450603, -.22448033
.40533626, .15647909, -.24885717
.60437453, .15843382, -.44594070
.54918116, .16224125, -.38693991
.59521925, .16432640, -.43089285
.61154068, .16687314, -.44466752
.53868121, .16878608, -.36989513
.62160170, .17088348, -.45071822
.70875585, .17386362, -.53489220
.60109192, .17729422, -.42379770
.68935603, .17704511, -.51231092
.0000000, .22552148, .22552148
.0000000, .21912232, .21912232
.0000000, .21314856, .21314856
.0000000, .20775291, .20775291
.0000000, .20288815, .20288815
.0000000, .19852096, .19852096
.0000000, .19433925, .19433925
.0000000, .19060746, .19060746
.0000000, .18739356, .18739356
.0000000, .18369058, .18369058
.0000000, .18102551, .18102551
.0000000, .17794740, .17794740
.56362677E-01, .17751753, .12115486
.35529375, .17642604, -.17886771
.37108326, .17863834, -.19244492
.55274397, .17997792, -.37276605
.52413249, .18484697, -.33928552
.53505772, .18809862, -.34695911
.52980506, .19035150, -.33945358
.55416286, .19365028, -.36051258
.50464112, .19448930, -.31015182
.70785928, .19791079, -.50994849
.62843663, .20136218, -.42707443
.48836309, .20328750, -.28507560
.0000000, .20058440, .20058440
.0000000, .19531773, .19531773
.0000000, .19086912, .19086912
.0000000, .18655500, .18655500
.0000000, .18257077, .18257077
.0000000, .17893735, .17893735
.0000000, .17553903, .17553903
.0000000, .17269140, .17269140
.0000000, .16970976, .16970976
.0000000, .16735646, .16735646
.0000000, .16571875, .16571875
.0000000, .16336629, .16336629
.69473565E-01, .16339311, .93919545E-01
.42832279, .16284212, -.26548067
.37521583, .16607627, -.20913956
.57364988, .16822091, -.40542898
.59326565, .17241882, -.42084682
.58558762, .17608820, -.40949941
.57000506, .17786692, -.39213812
.56922382, .18032271, -.38890111
.62450051, .18343858, -.44106191
.65479451, .18716647, -.46762806
.58471394, .19032879, -.39438516
.65401590, .19196069, -.46205521
.25995183, .19410288, -.65848947E-01
.0000000, .18788524, .18788524
.0000000, .18335335, .18335335
.0000000, .17906556, .17906556
.0000000, .17533533, .17533533
.0000000, .17213064, .17213064
.0000000, .16858539, .16858539
.0000000, .16587903, .16587903
.0000000, .16285737, .16285737
.0000000, .16071711, .16071711
.0000000, .15784281, .15784281
.0000000, .15595318, .15595318
.62245309E-01, .15565057, .93405262E-01
.43026292, .15474798, -.27551496
.37826633, .15774147, -.22052486
.51755011, .15947196, -.35807815
.57249761, .16317350, -.40932411
.60102504, .16702774, -.43399730
.60722405, .17032792, -.43689615
.55625015, .17270030, -.38354987
.56824023, .17547044, -.39276978
.60895765, .17818817, -.43076947
.60332489, .18081200, -.42251289
.58825856, .18280636, -.40545219
.25691837, .18450661, -.72411761E-01
.0000000, .17882793, .17882793
.0000000, .17440793, .17440793
.0000000, .17098099, .17098099
.0000000, .16726479, .16726479
.0000000, .16447082, .16447082
.0000000, .16131103, .16131103
.0000000, .15894242, .15894242
.0000000, .15633072, .15633072
.0000000, .15402843, .15402843
.0000000, .15212467, .15212467
.0000000, .14986175, .14986175
.46160899E-01, .15036957, .10420867
.35857821, .14945447, -.20912373
.36277243, .15111375, -.21165869
.46008262, .15269081, -.30739182
.40151620, .15523213, -.24628407
.48007470, .15707581, -.32299888
.45906174, .15805024, -.30101150
.47343171, .15781793, -.31561378
.53903651, .16008689, -.37894964
.70615238, .16127971, -.54487264
.71439338, .17188299, -.54251039
.70304388, .17465310, -.52839077
.0000000, .17265448, .17265448
.0000000, .16833666, .16833666
.0000000, .16601025, .16601025
.0000000, .16289845, .16289845
.0000000, .15955570, .15955570
.0000000, .15650885, .15650885
.0000000, .15386733, .15386733
.0000000, .15134513, .15134513
.0000000, .14899309, .14899309
.0000000, .14702803, .14702803
.0000000, .14516498, .14516498
.0000000, .14298019, .14298019
.54010205E-01, .14396372, .89953519E-01
.33851796, .14303367, -.19548430
.38988811, .14485574, -.24503237
.50469226, .14612091, -.35857135
.46277556, .14812750, -.31464806
.62117124, .15048805, -.47068319
.49470747, .15161000, -.34309745
.55629826, .15238579, -.40391248
.57158595, .15446505, -.41712090
.71810299, .15602955, -.56207347
.63686597, .15937617, -.47748980
.0000000, .15787584, .15787584
.0000000, .20655677, .20655677
.0000000, .20337868, .20337868
.0000000, .19834301, .19834301
.0000000, .19342008, .19342008
.0000000, .18897070, .18897070
.0000000, .18491280, .18491280
.0000000, .18114181, .18114181
.0000000, .17768119, .17768119
.0000000, .17497380, .17497380
.0000000, .17170399, .17170399
.0000000, .16941270, .16941270
.0000000, .16687813, .16687813
.60226444E-01, .16697451, .10674807
.38898087, .16602515, -.22295572
.40522361, .16834550, -.23687811
.59768116, .17090383, -.42677733
.53464454, .17459084, -.36005372
.54759502, .17695938, -.37063563
.54557014, .17769668, -.36787346
.56075323, .17897648, -.38177675
.56184953, .18218449, -.37966505
.62830162, .18577263, -.44252899
.57037818, .18894796, -.38143021
.66798496, .18935710, -.47862786
.0000000, .18734336, .18734336
.0000000, .18261176, .18261176
.0000000, .17811599, .17811599
.0000000, .17420045, .17420045
.0000000, .17061085, .17061085
.0000000, .16699642, .16699642
.0000000, .16397630, .16397630
.0000000, .16082051, .16082051
.0000000, .15830138, .15830138
.0000000, .15600199, .15600199
.0000000, .15325560, .15325560
.0000000, .15119405, .15119405
.50586089E-01, .15158153, .10099544
.39560071, .15046057, -.24514014
.36386761, .15256743, -.21130018
.56934541, .15413609, -.41520932
.50181812, .15875717, -.34306097
.52647597, .16156138, -.36491460
.52007794, .16272300, -.35735494
.52089047, .16311648, -.35777399
.53043532, .16549146, -.36494386
.75971365, .16901858, -.59069508
.64477468, .17299426, -.47178042
.42877781, .17504399, -.25373381
.0000000, .17047146, .17047146
.0000000, .16571982, .16571982
.0000000, .16156816, .16156816
.0000000, .15818211, .15818211
.0000000, .15486573, .15486573
.0000000, .15143716, .15143716
.0000000, .14866221, .14866221
.0000000, .14595917, .14595917
.0000000, .14343640, .14343640
.0000000, .14156646, .14156646
.0000000, .13925436, .13925436
.0000000, .13676019, .13676019
.47673643E-01, .13738036, .89706719E-01
.37402731, .13662250, -.23740481
.33250105, .13884267, -.19365838
.51406509, .13923123, -.37483385
.46506599, .14284253, -.32222345
.45251039, .14581037, -.30670002
.50467336, .14655240, -.35812098
.50457782, .14699551, -.35758230
.52086115, .14965054, -.37121060
.63803184, .15280816, -.48522368
.61744249, .15607581, -.46136668
.0000000, .15428193, .15428193
.0000000, .15061009, .15061009
.0000000, .14735489, .14735489
.0000000, .14487319, .14487319
.0000000, .14246400, .14246400
.0000000, .13999467, .13999467
.0000000, .13779208, .13779208
.0000000, .13597707, .13597707
.0000000, .13406162, .13406162
.0000000, .13229883, .13229883
.0000000, .13093102, .13093102
.0000000, .12927473, .12927473
.0000000, .12772632, .12772632
.0000000, .12637952, .12637952
.80266155E-01, .12800634, .47740184E-01
.32802308, .12757328, -.20044979
.51350510, .12857358, -.38493150
.46447659, .13193835, -.33253825
.44190794, .13509896, -.30680898
.48685187, .13592054, -.35093135
.45045382, .13695174, -.31350207
.54161477, .13867229, -.40294248
.55245209, .14256494, -.40988714
.59285676, .14497417, -.44788259
.37611553, .14670861, -.22940692
.0000000, .14235662, .14235662
.0000000, .13948020, .13948020
.0000000, .13708811, .13708811
.0000000, .13463038, .13463038
.0000000, .13228059, .13228059
.0000000, .13000570, .13000570
.0000000, .12778620, .12778620
.0000000, .12607312, .12607312
.0000000, .12437042, .12437042
.0000000, .12288806, .12288806
.0000000, .12120520, .12120520
.0000000, .11994777, .11994777
.59659585E-01, .12141337, .61753780E-01
.80532253E-01, .12081628, .40284023E-01
.32845163, .12028518, -.20816645
.50950933, .12139244, -.38811690
.47587430, .12458631, -.35128799
.45331758, .12740105, -.32591653
.50485474, .12686963, -.37798512
.48533928, .12755688, -.35778242
.50701189, .12970158, -.37731031
.63625634, .13329656, -.50295979
.46365049, .13640043, -.32725006
.0000000, .13285133, .13285133
.0000000, .13014339, .13014339
.0000000, .12751588, .12751588
.0000000, .12528554, .12528554
.0000000, .12322216, .12322216
.0000000, .12132870, .12132870
.0000000, .11963096, .11963096
.0000000, .11814439, .11814439
.0000000, .11666262, .11666262
.0000000, .11517421, .11517421
.0000000, .11367702, .11367702
.0000000, .11250021, .11250021
.0000000, .11151561, .11151561
.50653048E-01, .11306676, .62413707E-01
.77080607E-01, .11259723, .35516620E-01
.29429847, .11205863, -.18223983
.50847787, .11298520, -.39549267
.46188271, .11569410, -.34618860
.42420590, .11772013, -.30648577
.46441385, .11772931, -.34668455
.47736049, .11820850, -.35915199
.49513927, .12003236, -.37510693
.61808509, .12301992, -.49506515
.58329844, .12548110, -.45781735
.0000000, .12265903, .12265903
.0000000, .12047441, .12047441
.0000000, .11800303, .11800303
.0000000, .11603782, .11603782
.0000000, .11401135, .11401135
.0000000, .11234906, .11234906
.0000000, .11087152, .11087152
.0000000, .10950732, .10950732
.0000000, .10812524, .10812524
.0000000, .10694671, .10694671
.0000000, .10563388, .10563388
.0000000, .10453731, .10453731
.0000000, .10361040, .10361040
.51916182E-01, .10549139, .53575210E-01
.76994583E-01, .10526155, .28266966E-01
.28459188, .10512205, -.17946982
.43521801, .10572196, -.32949606
.37877911, .10784152, -.27093759
.34107828, .10957374, -.23150453
.39059195, .11072142, -.27987051
.47159094, .11037339, -.36121756
.46587789, .11155702, -.35432088
.51989132, .11395864, -.40593266
.57201958, .11620844, -.45581114
.49955133, .11786941, -.38168192
.0000000, .11406691, .11406691
.0000000, .11215523, .11215523
.0000000, .11016811, .11016811
.0000000, .10857909, .10857909
.0000000, .10704955, .10704955
.0000000, .10565096, .10565096
.0000000, .10454361, .10454361
.0000000, .10324343, .10324343
.0000000, .10206355, .10206355
.0000000, .10106173, .10106173
.0000000, .10025259, .10025259
.0000000, .99224381E-01, .99224381E-01
.53462338E-01, .10193220, .48469860E-01
.80107912E-01, .10145638, .21348469E-01
.26812613, .10164727, -.16647886
.41739160, .10204402, -.31534758
.37558195, .10388705, -.27169490
.36812526, .10550880, -.26261646
.40258461, .10681489, -.29576972
.47104499, .10767411, -.36337090
.50202870, .10929887, -.39272982
.59070712, .11117876, -.47952837
.0000000, .10829449, .10829449
.0000000, .16457620, .16457620
.0000000, .15944619, .15944619
.0000000, .15432727, .15432727
.0000000, .15044963, .15044963
.0000000, .14763772, .14763772
.0000000, .14497355, .14497355
.0000000, .14263302, .14263302
.0000000, .14037403, .14037403
.0000000, .13839160, .13839160
.0000000, .13615802, .13615802
.0000000, .13428394, .13428394
.0000000, .13237619, .13237619
.0000000, .13071366, .13071366
.0000000, .12908673, .12908673
.77548623E-01, .13059892, .53050295E-01
.42250076, .13029954, -.29220122
.66780907, .13275541, -.53505367
.56204498, .13711840, -.42492658
.50610596, .13975476, -.36635119
.76307905, .14107332, -.62200570
.67348242, .14400893, -.52947348
.63741815, .14747471, -.48994344
.40349841, .15019624, -.25330216
.58854479, .15135857, -.43718621
.0000000, .14812237, .14812237
.0000000, .15206215, .15206215
.0000000, .14932537, .14932537
.0000000, .14668469, .14668469
.0000000, .14391972, .14391972
.0000000, .14136365, .14136365
.0000000, .13913441, .13913441
.0000000, .13698161, .13698161
.0000000, .13512020, .13512020
.0000000, .13324314, .13324314
.0000000, .13204691, .13204691
.0000000, .13010412, .13010412
.0000000, .12877786, .12877786
.58300525E-01, .13032745, .72026923E-01
.83602011E-01, .13000071, .46398699E-01
.36557269, .12943803, -.23613466
.52074003, .13140102, -.38933903
.49105141, .13389006, -.35716134
.53239077, .13662444, -.39576632
.61633217, .13964760, -.47668457
.64940888, .14177886, -.50762999
.64378476, .14485413, -.49893063
.58906746, .14777702, -.44129044
.59583139, .15025522, -.44557619
.61426157, .15221857, -.46204299
.0000000, .14945865, .14945865
.0000000, .14666444, .14666444
.0000000, .14409220, .14409220
.0000000, .14144161, .14144161
.0000000, .13905278, .13905278
.0000000, .13655858, .13655858
.0000000, .13464366, .13464366
.0000000, .13279940, .13279940
.0000000, .13096097, .13096097
.0000000, .12945378, .12945378
.0000000, .12767905, .12767905
.0000000, .12633856, .12633856
.48039693E-01, .12806511, .80025420E-01
.81069991E-01, .12713185, .46061859E-01
.35136771, .12642168, -.22494604
.57914305, .12776053, -.45138252
.55024850, .13059638, -.41965210
.51244563, .13318518, -.37926045
.57316601, .13502035, -.43814567
.57078391, .13767919, -.43310472
.56734651, .14053956, -.42680696
.55797309, .14417356, -.41379952
.58092690, .14644146, -.43448544
.58769381, .14809927, -.43959454
.0000000, .14476369, .14476369
.0000000, .14205253, .14205253
.0000000, .13936062, .13936062
.0000000, .13683683, .13683683
.0000000, .13478318, .13478318
.0000000, .13265239, .13265239
.0000000, .13057224, .13057224
.0000000, .12883112, .12883112
.0000000, .12711607, .12711607
.0000000, .12570000, .12570000
.0000000, .12408662, .12408662
.0000000, .12271022, .12271022
.63008867E-01, .12449738, .61488509E-01
.82332656E-01, .12367310, .41340441E-01
.37573189, .12327710, -.25245479
.51548022, .12462778, -.39085245
.48049924, .12674320, -.35375604
.41625524, .12854701, -.28770822
.47363132, .12852234, -.34510899
.45559940, .13032308, -.32527632
.54870749, .13156256, -.41714492
.61644709, .13447705, -.48197004
.50748473, .13839194, -.36909279
.63452756, .13927975, -.49524781
.0000000, .13625050, .13625050
.0000000, .13408898, .13408898
.0000000, .13197130, .13197130
.0000000, .12996024, .12996024
.0000000, .12822874, .12822874
.0000000, .12637627, .12637627
.0000000, .12420493, .12420493
.0000000, .15186310, .15186310
.0000000, .15133607, .15133607
.0000000, .14953132, .14953132
.0000000, .14663851, .14663851
.0000000, .14425370, .14425370
.0000000, .14157856, .14157856
.47628917E-01, .14242254, .94793625E-01
.41327500, .14151910, -.27175590
.74266583, .15049945, -.59216636
.75474691, .16510141, -.58964550
.79088819, .17675671, -.61413145
.84402144, .18038015, -.66364127
.75489450, .18613085, -.56876361
.77550840, .18912247, -.58638597
.64655113, .19256303, -.45398811
.73014545, .19387591, -.53626955
.67484969, .19645804, -.47839165
.0000000, .19243366, .19243366
.0000000, .18753657, .18753657
.0000000, .18294071, .18294071
.0000000, .17874694, .17874694
.0000000, .17457482, .17457482
.0000000, .17098239, .17098239
.0000000, .16777454, .16777454
.0000000, .16475305, .16475305
.0000000, .16199341, .16199341
.0000000, .15902461, .15902461
.0000000, .15669186, .15669186
.0000000, .15457807, .15457807
.0000000, .15325080, .15325080
.53767372E-01, .15384617, .10007881
.43627179, .15231007, -.28396171
.67004573, .15466134, -.51538438
.73920882, .15874994, -.58045888
.70219439, .16972616, -.53246820
.82446718, .17606069, -.64840651
.71327001, .18173379, -.53153622
.84092063, .18575469, -.65516591
.69376326, .18984121, -.50392205
.60304773, .19252720, -.41052052
.56064129, .19407132, -.36656997
.0000000, .19006401, .19006401
.0000000, .18571773, .18571773
.0000000, .18124352, .18124352
.0000000, .17764017, .17764017
.0000000, .17409612, .17409612
.0000000, .17126733, .17126733
.0000000, .16787586, .16787586
.0000000, .16487736, .16487736
.0000000, .16265562, .16265562
.0000000, .16077355, .16077355
.0000000, .15833491, .15833491
.0000000, .15612355, .15612355
.53598665E-01, .15685923, .10326057
.87914303E-01, .15638743, .68473130E-01
.39952084, .15548398, -.24403687
.65911049, .15812637, -.50098413
.68701637, .16290167, -.52411473
.66490489, .16806839, -.49683648
.71789634, .17188908, -.54600728
.73118258, .17462848, -.55655408
.77801245, .17844585, -.59956658
.67840087, .18386495, -.49453592
.63101256, .18666588, -.44434667
.66141403, .18883008, -.47258395
.0000000, .18656252, .18656252
.0000000, .18295342, .18295342
.0000000, .17866164, .17866164
.0000000, .17493066, .17493066
.0000000, .17157564, .17157564
.0000000, .16791585, .16791585
.0000000, .16503486, .16503486
.0000000, .16232777, .16232777
.0000000, .15971696, .15971696
.0000000, .15702724, .15702724
.0000000, .15449613, .15449613
.0000000, .15247744, .15247744
.60299087E-01, .15273900, .92439920E-01
.87401755E-01, .15186828, .64466529E-01
.32925358, .15159452, -.17765906
.47575003, .15259536, -.32315469
.47396088, .15547475, -.31848612
.40700990, .15971397, -.24729593
.53721303, .16171476, -.37549827
.52971363, .16311195, -.36660168
.64163435, .16549337, -.47614098
.68957788, .17065661, -.51892126
.59467804, .17403901, -.42063904
.66762584, .17507544, -.49255040
.0000000, .17250521, .17250521
.0000000, .16812715, .16812715
.0000000, .16418107, .16418107
.0000000, .16083381, .16083381
.0000000, .15766759, .15766759
.0000000, .15454367, .15454367
.0000000, .16268033, .16268033
.0000000, .16630206, .16630206
.0000000, .16348046, .16348046
.0000000, .16118926, .16118926
.0000000, .15841585, .15841585
.0000000, .15540659, .15540659
.0000000, .18500508, .18500508
.90457395E-01, .18462114, .94163746E-01
.41310513, .18299648, -.23010865
.63715500, .18600264, -.45115235
.59291458, .19145730, -.40145728
.56857777, .19606349, -.37251428
.60350829, .19879448, -.40471381
.68321615, .20245339, -.48076278
.71908247, .20697647, -.51210600
.64807117, .21187010, -.43620107
.65621841, .21441980, -.44179863
.48110789, .21576494, -.26534295
.0000000, .21166365, .21166365
.0000000, .20919976, .20919976
.0000000, .20569640, .20569640
.0000000, .20031737, .20031737
.0000000, .19561151, .19561151
.0000000, .19167936, .19167936
.0000000, .18785967, .18785967
.0000000, .18445480, .18445480
.0000000, .18137172, .18137172
.0000000, .18171816, .18171816
.0000000, .17937288, .17937288
.0000000, .17693442, .17693442
.54478928E-01, .17574158, .12126265
.81597947E-01, .17590818, .94310232E-01
.45458174, .17487815, -.27970359
.75556916, .17809118, -.57747799
.73785985, .18491152, -.55294836
.73229873, .19079217, -.54150653
.84544498, .19662872, -.64881623
.83643758, .20257866, -.63385892
.78658283, .20807496, -.57850790
.68890738, .21222410, -.47668329
.42255360, .21562709, -.20692651
.48447073, .21663341, -.26783732
.0000000, .21277942, .21277942
.0000000, .20750508, .20750508
.0000000, .20326740, .20326740
.0000000, .19873090, .19873090
.0000000, .19474047, .19474047
.0000000, .19115199, .19115199
.0000000, .18755797, .18755797
.0000000, .18399496, .18399496
.0000000, .18073957, .18073957
.0000000, .17821157, .17821157
.0000000, .17570043, .17570043
.0000000, .17340060, .17340060
.0000000, .17116673, .17116673
.54341856E-01, .17136468, .11702283
.42459553, .16964620, -.25494933
.58395159, .17284337, -.41110823
.72165895, .17839685, -.54326212
.68543065, .18496144, -.50046921
.79782164, .19008639, -.60773528
.52316463, .19594719, -.32721746
.66192782, .19860190, -.46332592
.62659776, .20239979, -.42419797
.57971013, .20509320, -.37461692
.0000000, .20387678, .20387678
.0000000, .19929980, .19929980
.0000000, .19527206, .19527206
.0000000, .19143631, .19143631
.0000000, .18726717, .18726717
.0000000, .18417588, .18417588
.0000000, .18095155, .18095155
.0000000, .17823501, .17823501
.0000000, .17573404, .17573404
.0000000, .17348121, .17348121
.0000000, .17114131, .17114131
.0000000, .16877905, .16877905
.0000000, .16702209, .16702209
.0000000, .16540074, .16540074
.0000000, .16393323, .16393323
.0000000, .16253592, .16253592
.41893342, .16290155, -.25603187
.70090944, .16650647, -.53440297
.65499264, .17274094, -.48225170
.66736752, .17862104, -.48874646
.65694010, .18397376, -.47296634
.59452158, .18886481, -.40565675
.0000000, .18918517, .18918517
.0000000, .18598635, .18598635
.0000000, .18282703, .18282703
.0000000, .17986655, .17986655
.0000000, .17709388, .17709388
.0000000, .17421630, .17421630
.0000000, .17162384, .17162384
.0000000, .16952890, .16952890
.0000000, .16761325, .16761325
.0000000, .16552874, .16552874
.0000000, .16332859, .16332859
.0000000, .16178100, .16178100
.0000000, .15961890, .15961890
.0000000, .15817510, .15817510
.0000000, .15699390, .15699390
.0000000, .15608174, .15608174
.0000000, .15518238, .15518238
.23736835, .15563978, -.81728563E-01
.47858611, .15721978, -.32136631
.47730690, .16134088, -.31596601
.63327003, .16537833, -.46789169
.80565280, .17103873, -.63461405
.70333666, .17829505, -.52504158
.77941847, .18409853, -.59531993
.66452998, .19012642, -.47440356
.48175165, .19411890, -.28763276
.42153472, .19588052, -.22565420
.0000000, .19342247, .19342247
.0000000, .18948047, .18948047
.0000000, .18609242, .18609242
.0000000, .18246777, .18246777
.0000000, .17944399, .17944399
.0000000, .17659065, .17659065
.0000000, .17396449, .17396449
.0000000, .17154951, .17154951
.0000000, .16927874, .16927874
.0000000, .16737947, .16737947
.0000000, .16539656, .16539656
.0000000, .16328220, .16328220
.0000000, .16152516, .16152516
.0000000, .15997544, .15997544
.27851462, .16041028, -.11810434
.47133654, .16227783, -.30905873
.54842615, .16617720, -.38224894
.51756632, .17030737, -.34725896
.65206778, .17442058, -.47764719
.66808987, .18020234, -.48788753
.84363925, .18553713, -.65810215
.76469994, .19205496, -.57264495
.73870695, .19763967, -.54106724
.51472861, .20202413, -.31270447
.0000000, .19938877, .19938877
.0000000, .19509637, .19509637
.0000000, .19074923, .19074923
.0000000, .18652619, .18652619
.0000000, .18315050, .18315050
.0000000, .17989889, .17989889
.0000000, .17652728, .17652728
.0000000, .17414591, .17414591
.0000000, .17176005, .17176005
.0000000, .16907799, .16907799
.0000000, .16689910, .16689910
.0000000, .16459733, .16459733
.0000000, .16222890, .16222890
.86795487E-01, .16284274, .76047249E-01
.44668955, .16274211, -.28394744
.68199408, .16652824, -.51546586
.62707996, .17318743, -.45389253
.62588823, .17956148, -.44632673
.69324672, .18521494, -.50803179
.72587150, .18887633, -.53699517
.78601480, .19383690, -.59217787
.71342981, .20089379, -.51253605
.66453242, .20445125, -.46008116
.54123950, .20600364, -.33523586
.0000000, .20114125, .20114125
.0000000, .19509327, .19509327
.0000000, .18889950, .18889950
.0000000, .18295546, .18295546
.0000000, .17805195, .17805195
.0000000, .17417136, .17417136
.0000000, .17046183, .17046183
.0000000, .16706814, .16706814
.0000000, .16423333, .16423333
.0000000, .16194160, .16194160
.0000000, .15912893, .15912893
.0000000, .15671051, .15671051
.48452653E-01, .15693736, .10848471
.84482171E-01, .15589650, .71414329E-01
.45623577, .15694985, -.29928592
.62138855, .16065493, -.46073362
.63043010, .16539435, -.46503574
.57297158, .17251386, -.40045774
.60347247, .17694223, -.42653024
.61155009, .17938030, -.43216980
.68681002, .18283449, -.50397551
.68545318, .18789279, -.49756038
.70102131, .19066514, -.51035619
.60039020, .19273113, -.40765905
.0000000, .18886034, .18886034
.0000000, .18364328, .18364328
.0000000, .17889653, .17889653
.0000000, .17440581, .17440581
.0000000, .17085087, .17085087
.0000000, .16711663, .16711663
.0000000, .16412973, .16412973
.0000000, .16160057, .16160057
.0000000, .15890710, .15890710
.0000000, .15648706, .15648706
.0000000, .15429907, .15429907
.0000000, .15254869, .15254869
.0000000, .15039173, .15039173
.82278207E-01, .15087393, .68595722E-01
.44800776, .15035142, -.29765636
.66004896, .15361814, -.50643080
.62777686, .15930168, -.46847516
.59783882, .16430910, -.43352973
.76724577, .16868204, -.59856373
.77501732, .17419304, -.60082430
.82503521, .17821132, -.64682388
.73917401, .18277653, -.55639750
.63650346, .18635254, -.45015091
.0000000, .18377991, .18377991
.0000000, .17958149, .17958149
.0000000, .17566487, .17566487
.0000000, .17208299, .17208299
.0000000, .16867015, .16867015
.0000000, .16535529, .16535529
.0000000, .16244407, .16244407
.0000000, .15945628, .15945628
.0000000, .15728293, .15728293
.0000000, .15527377, .15527377
.0000000, .15324326, .15324326
.0000000, .15110612, .15110612
.0000000, .14948711, .14948711
.0000000, .14800718, .14800718
.86147517E-01, .14905176, .62904239E-01
.38570821, .14865859, -.23704962
.57690787, .15064614, -.42626172
.50219148, .15510488, -.34708661
.54974186, .16024239, -.38949949
.46288973, .16531616, -.29757357
.51596767, .16727909, -.34868857
.55045599, .17098230, -.37947369
.61518770, .17595431, -.43923339
.64055109, .17887220, -.46167889
.0000000, .17726764, .17726764
.0000000, .17274241, .17274241
.0000000, .16851646, .16851646
.0000000, .16372102, .16372102
.0000000, .15961069, .15961069
.0000000, .15605709, .15605709
.0000000, .15381153, .15381153
.0000000, .15138821, .15138821
.0000000, .14867046, .14867046
.0000000, .14651284, .14651284
.0000000, .14448321, .14448321
.0000000, .14247432, .14247432
.0000000, .14065826, .14065826
.0000000, .13898882, .13898882
.79291493E-01, .13987306, .60581565E-01
.45899937, .13903104, -.31996834
.63405150, .14241819, -.49163330
.62077808, .14670761, -.47407049
.61280853, .15069212, -.46211642
.53454900, .15457225, -.37997675
.57635891, .15648304, -.41987586
.62631416, .15899432, -.46731985
.70750993, .16236673, -.54514319
.60381150, .16526601, -.43854550
.54297274, .16649215, -.37648058
.0000000, .16245848, .16245848
.0000000, .15850839, .15850839
.0000000, .15455034, .15455034
.0000000, .15119034, .15119034
.0000000, .14821315, .14821315
.0000000, .14556585, .14556585
.0000000, .14310445, .14310445
.0000000, .14091790, .14091790
.0000000, .13847879, .13847879
.0000000, .13617809, .13617809
.0000000, .13386649, .13386649
.0000000, .13172291, .13172291
.49052648E-01, .13250545, .83452798E-01
.86982757E-01, .13165745, .44674695E-01
.37466288, .13245516, -.24220772
.48421758, .13411628, -.35010129
.47168344, .13633923, -.33534420
.44397151, .14030389, -.30366760
.42089719, .14399651, -.27690068
.47855839, .14559698, -.33296141
.53597784, .14913639, -.38684145
.68149871, .15292168, -.52857703
.40968215, .15581267, -.25386947
.50206995, .15525733, -.34681261
.0000000, .15093437, .15093437
.0000000, .14715104, .14715104
.0000000, .14305773, .14305773
.0000000, .13999242, .13999242
.0000000, .13771199, .13771199
.0000000, .13544200, .13544200
.0000000, .13243885, .13243885
.0000000, .13054058, .13054058
.0000000, .12795863, .12795863
.0000000, .12606898, .12606898
.0000000, .12461441, .12461441
.0000000, .12315217, .12315217
.0000000, .12166820, .12166820
.86414233E-01, .12290034, .36486104E-01
.32129791, .12399872, -.19729918
.48972762, .12445465, -.36527297
.44813126, .12700118, -.32113010
.42224199, .13034132, -.29190066
.42445809, .13354239, -.29091570
.52048564, .13536566, -.38511997
.68900883, .13940142, -.54960740
.62930524, .14446911, -.48483613
.61022067, .14671811, -.46350256
.0000000, .14432009, .14432009
.0000000, .14053938, .14053938
.0000000, .13718817, .13718817
.0000000, .13451254, .13451254
.0000000, .13193820, .13193820
.0000000, .12941834, .12941834
.0000000, .12705697, .12705697
.0000000, .12491480, .12491480
.0000000, .12325864, .12325864
.0000000, .12157363, .12157363
.0000000, .11987013, .11987013
.0000000, .11847939, .11847939
.0000000, .11738636, .11738636
.0000000, .11593935, .11593935
.87225892E-01, .11756282, .30336924E-01
.38693422, .11819595, -.26873827
.63533276, .11925101, -.51608175
.53454792, .12299048, -.41155744
.56316578, .12627141, -.43689436
.56380081, .12987174, -.43392909
.66328472, .13285077, -.53043395
.64056468, .13700449, -.50356019
.70545453, .14066817, -.56478637
.61691511, .14298180, -.47393331
.0000000, .13959435, .13959435
.0000000, .13644052, .13644052
.0000000, .13318753, .13318753
.0000000, .13051593, .13051593
.0000000, .12824741, .12824741
.0000000, .12566005, .12566005
.0000000, .12373130, .12373130
.0000000, .12159164, .12159164
.0000000, .11950947, .11950947
.0000000, .11782111, .11782111
.0000000, .11633040, .11633040
.0000000, .11494190, .11494190
.0000000, .11353745, .11353745
.0000000, .11229250, .11229250
.83907753E-01, .11445973, .30551977E-01
.39497128, .11544244, -.27952886
.65828878, .11639775, -.54189104
.58074218, .11952741, -.46121478
.52863276, .12296610, -.40566665
.55042821, .12426274, -.42616546
.68162060, .12568730, -.55593330
.64990354, .12959985, -.52030367
.66685069, .13340288, -.53344780
.69710326, .13522735, -.56187594
.59222138, .13679811, -.45542327
.0000000, .13203752, .13203752
.0000000, .12893713, .12893713
.0000000, .12612745, .12612745
.0000000, .12333221, .12333221
.0000000, .12118891, .12118891
.0000000, .11918361, .11918361
.0000000, .11687878, .11687878
.0000000, .11520544, .11520544
.0000000, .11332624, .11332624
.0000000, .11174063, .11174063
.0000000, .11027943, .11027943
.0000000, .10880845, .10880845
.0000000, .10746026, .10746026
.81336170E-01, .11034057, .29004402E-01
.38273281, .11214470, -.27058810
.63009715, .11266021, -.51743692
.56646562, .11532947, -.45113614
.55015516, .11827560, -.43187958
.53664708, .12045355, -.41619354
.67726833, .12168953, -.55557883
.68563187, .12571943, -.55991244
.64688671, .12924936, -.51763737
.58280873, .13071004, -.45209870
.44486350, .13142590, -.31343758
.0000000, .12535198, .12535198
.0000000, .12251791, .12251791
.0000000, .12059122, .12059122
.0000000, .11889726, .11889726
.0000000, .11714910, .11714910
.0000000, .11549021, .11549021
.0000000, .11376306, .11376306
.0000000, .11215843, .11215843
.0000000, .11064143, .11064143
.0000000, .10930870, .10930870
.0000000, .10801243, .10801243
.0000000, .10684463, .10684463
.0000000, .10560369, .10560369
.80976002E-01, .10882895, .27852952E-01
.41070449, .10952675, -.30117774
.57354957, .11065781, -.46289176
.52051860, .11298884, -.40752977
.45481950, .11421637, -.34060311
.53475904, .11553514, -.41922390
.47404057, .11808603, -.35595453
.55790228, .11865804, -.43924424
.57882684, .12043329, -.45839357
.58914721, .12177301, -.46737421
.58942258, .12293267, -.46648991
.0000000, .11867912, .11867912
.0000000, .11688356, .11688356
.0000000, .11498746, .11498746
.0000000, .11327837, .11327837
.0000000, .11146935, .11146935
.0000000, .11007748, .11007748
.0000000, .10843451, .10843451
.0000000, .10694729, .10694729
.0000000, .10562600, .10562600
.0000000, .10437462, .10437462
.0000000, .10303816, .10303816
.0000000, .10182925, .10182925
.0000000, .10079516, .10079516
.80874622E-01, .10399590, .23121282E-01
.37027809, .10497852, -.26529956
.48439682, .10570192, -.37869489
.47756749, .10687797, -.37068951
.40522379, .10915374, -.29607004
.38760415, .11071490, -.27688926
.46350655, .11231069, -.35119587
.53442895, .11463281, -.41979614
.55408579, .11697227, -.43711352
.67319345, .11827668, -.55491680
.64852232, .11961916, -.52890313
.0000000, .11510970, .11510970
.0000000, .11292892, .11292892
.0000000, .11105880, .11105880
.0000000, .10893130, .10893130
.0000000, .10715111, .10715111
.0000000, .10556802, .10556802
.0000000, .10468912, .10468912
.0000000, .10320593, .10320593
.0000000, .10178519, .10178519
.0000000, .10107130, .10107130
.0000000, .10003655, .10003655
.0000000, .98672919E-01, .98672919E-01
.0000000, .97663820E-01, .97663820E-01
.79798773E-01, .10108628, .21287508E-01
.29294145, .10163454, -.19130692
.43061686, .10179059, -.32882625
.38996476, .10275593, -.28720883
.38478243, .10441299, -.28036946
.35708815, .10606968, -.25101846
.38682398, .10742618, -.27939779
.46502393, .10973606, -.35528788
.58063418, .11206283, -.46857136
.64949501, .11364114, -.53585386
.0000000, .10961944, .10961944
.0000000, .10779662, .10779662
.0000000, .10638188, .10638188
.0000000, .10439102, .10439102
.0000000, .10282046, .10282046
.0000000, .10148566, .10148566
.0000000, .10003180, .10003180
.0000000, .98920614E-01, .98920614E-01
.0000000, .97884566E-01, .97884566E-01
.0000000, .96951276E-01, .96951276E-01
.0000000, .95964879E-01, .95964879E-01
.0000000, .94946474E-01, .94946474E-01
.0000000, .93919709E-01, .93919709E-01
.0000000, .93087658E-01, .93087658E-01
.77802382E-01, .96151307E-01, .18348925E-01
.39890414, .95647730E-01, -.30325642
.63547450, .96448883E-01, -.53902560
.57264900, .98197788E-01, -.47445121
.51757580, .10074005, -.41683576
.54866838, .10121194, -.44745645
.53857648, .10314405, -.43543243
.56025434, .10525455, -.45499977
.59649915, .10756402, -.48893511
.58101392, .10907349, -.47194043
.43584239, .10987149, -.32597089
.0000000, .10384739, .10384739
.0000000, .10140011, .10140011
.0000000, .99586934E-01, .99586934E-01
.0000000, .97915187E-01, .97915187E-01
.0000000, .96563473E-01, .96563473E-01
.0000000, .95315941E-01, .95315941E-01
.0000000, .94105013E-01, .94105013E-01
.0000000, .92862576E-01, .92862576E-01
.0000000, .91800764E-01, .91800764E-01
.0000000, .90736568E-01, .90736568E-01
.0000000, .89799322E-01, .89799322E-01
.0000000, .88681936E-01, .88681936E-01
.0000000, .87744020E-01, .87744020E-01
.79916410E-01, .92147693E-01, .12231283E-01
.42813054, .93685776E-01, -.33444476
.51148850, .95691934E-01, -.41579658
.48807025, .96759245E-01, -.39131099
.44738483, .98853111E-01, -.34853172
.45293474, .10011411, -.35282063
.40115860, .10204870, -.29910991
.48941058, .10360048, -.38581011
.66455168, .10558706, -.55896461
.59977347, .10681003, -.49296343
.45811707, .10727209, -.35084498
.0000000, .10058475, .10058475
.0000000, .98533086E-01, .98533086E-01
.0000000, .97110152E-01, .97110152E-01
.0000000, .95458314E-01, .95458314E-01
.0000000, .94121397E-01, .94121397E-01
.0000000, .92808947E-01, .92808947E-01
.0000000, .91547802E-01, .91547802E-01
.0000000, .90480164E-01, .90480164E-01
.0000000, .89394465E-01, .89394465E-01
.0000000, .88414714E-01, .88414714E-01
.0000000, .87704897E-01, .87704897E-01
.0000000, .86775854E-01, .86775854E-01
.0000000, .86168140E-01, .86168140E-01
.78173071E-01, .90952173E-01, .12779102E-01
.34063110, .92481218E-01, -.24814987
.44313902, .93547285E-01, -.34959173
.43553469, .94363883E-01, -.34117079
.43921360, .95575996E-01, -.34363762
.45812958, .96767902E-01, -.36136168
.43190801, .98466709E-01, -.33344132
.52383530, .10029400, -.42354131
.55490124, .10226046, -.45264077
.58234644, .10327254, -.47907388
.53631818, .10410203, -.43221617
.0000000, .97856708E-01, .97856708E-01
.0000000, .96013963E-01, .96013963E-01
.0000000, .94475538E-01, .94475538E-01
.0000000, .92880279E-01, .92880279E-01
.0000000, .91836005E-01, .91836005E-01
.0000000, .90632707E-01, .90632707E-01
.0000000, .89353919E-01, .89353919E-01
.0000000, .88204831E-01, .88204831E-01
.0000000, .88010728E-01, .88010728E-01
.0000000, .87142944E-01, .87142944E-01
.0000000, .86575590E-01, .86575590E-01
.0000000, .85762694E-01, .85762694E-01
.0000000, .85016541E-01, .85016541E-01
.78200169E-01, .90224296E-01, .12024127E-01
.31268144, .90470441E-01, -.22221100
.28638521, .90871319E-01, -.19551389
.47313654, .90887070E-01, -.38224947
.45970726, .91923773E-01, -.36778349
.44094864, .92941083E-01, -.34800756
.43446994, .94204463E-01, -.34026548
.48830768, .95970266E-01, -.39233741
.63993669, .97858317E-01, -.54207838
.56820238, .99438787E-01, -.46876359
.24992514, .10007006, -.14985508
.0000000, .92591703E-01, .92591703E-01
.0000000, .91197893E-01, .91197893E-01
.0000000, .89947462E-01, .89947462E-01
.0000000, .88808782E-01, .88808782E-01
.0000000, .87868795E-01, .87868795E-01
.0000000, .86886019E-01, .86886019E-01
.0000000, .86249277E-01, .86249277E-01
.0000000, .83898515E-01, .83898515E-01
.0000000, .83434410E-01, .83434410E-01
.0000000, .82621530E-01, .82621530E-01
.0000000, .82082748E-01, .82082748E-01
.0000000, .81392929E-01, .81392929E-01
.0000000, .80743641E-01, .80743641E-01
.0000000, .80854200E-01, .80854200E-01
.0000000, .81763238E-01, .81763238E-01
.23714545, .87678805E-01, -.14946665
.42057887, .88425048E-01, -.33215383
.58414179, .89776352E-01, -.49436545
.40033463, .91582209E-01, -.30875242
.55900747, .92938140E-01, -.46606934
.60342741, .94275303E-01, -.50915211
.42781991, .96219420E-01, -.33160049
.0000000, .90534866E-01, .90534866E-01
.0000000, .89783415E-01, .89783415E-01
.0000000, .88660002E-01, .88660002E-01
.0000000, .87460458E-01, .87460458E-01
.0000000, .86495131E-01, .86495131E-01
.0000000, .85497350E-01, .85497350E-01
.0000000, .84758759E-01, .84758759E-01
.0000000, .83859503E-01, .83859503E-01
.0000000, .83100170E-01, .83100170E-01
.0000000, .82252681E-01, .82252681E-01
.0000000, .81652813E-01, .81652813E-01
.0000000, .81038907E-01, .81038907E-01
.0000000, .80468588E-01, .80468588E-01
.0000000, .79630271E-01, .79630271E-01
.0000000, .79020128E-01, .79020128E-01
.71125999E-01, .84256679E-01, .13130680E-01
.32141647, .84792167E-01, -.23662430
.25330859, .85567549E-01, -.16774105
.43577680, .85540839E-01, -.35023597
.40969163, .86982086E-01, -.32270956
.40683022, .88158734E-01, -.31867149
.40800661, .89496538E-01, -.31851006
.47744226, .91366634E-01, -.38607562
.61102706, .93282431E-01, -.51774466
.58369362, .94459549E-01, -.48923409
.21760863, .95028467E-01, -.12258016
.0000000, .87334588E-01, .87334588E-01
.0000000, .86046048E-01, .86046048E-01
.0000000, .84832110E-01, .84832110E-01
.0000000, .83717145E-01, .83717145E-01
.0000000, .82887486E-01, .82887486E-01
.0000000, .82128495E-01, .82128495E-01
.0000000, .81509665E-01, .81509665E-01
.0000000, .84695660E-01, .84695660E-01
.0000000, .88243082E-01, .88243082E-01
.0000000, .91574550E-01, .91574550E-01
.0000000, .94921134E-01, .94921134E-01
.0000000, .97704709E-01, .97704709E-01
.0000000, .10073757, .10073757
.77904806E-01, .11000297, .32098167E-01
.38703454, .11025176, -.27678278
.31102228, .11539421, -.19562808
.51380742, .11846479, -.39534262
.49500513, .11888308, -.37612206
.49455231, .12284733, -.37170500
.48690900, .12706253, -.35984647
.56997037, .12739262, -.44257775
.70380074, .12809366, -.57570708
.63580960, .13419476, -.50161481
.23732212, .13492364, -.10239848
.0000000, .12746587, .12746587
.0000000, .12929840, .12929840
.0000000, .12622771, .12622771
.0000000, .12469448, .12469448
.0000000, .12713721, .12713721
.0000000, .12429924, .12429924
.0000000, .12450525, .12450525
.0000000, .12397323, .12397323
.0000000, .12710239, .12710239
.0000000, .12594531, .12594531
.0000000, .12917203, .12917203
.0000000, .12816565, .12816565
.0000000, .13143049, .13143049
.78100972E-01, .13494287, .56841902E-01
.43814939, .14053039, -.29761899
.37000558, .14347804, -.22652754
.58352202, .14806138, -.43546063
.56153083, .15065497, -.41087586
.56456512, .15648374, -.40808138
.54477406, .16032267, -.38445139
.62241417, .16597846, -.45643571
.70894694, .17090443, -.53804255
.63051718, .17664918, -.45386800
.24859129, .18205993, -.66531360E-01
.0000000, .17866343, .17866343
.0000000, .17819199, .17819199
.0000000, .17901337, .17901337
.0000000, .17936277, .17936277
.0000000, .18027489, .18027489
.0000000, .18106285, .18106285
.0000000, .18119192, .18119192
.0000000, .17694269, .17694269
.0000000, .17499995, .17499995
.0000000, .17239255, .17239255
.0000000, .17014995, .17014995
.0000000, .16799742, .16799742
.0000000, .16590434, .16590434
.78309178E-01, .16850618, .90196997E-01
.45475668, .17011669, -.28463998
.37072319, .17437313, -.19635005
.59893751, .17575923, -.42317829
.58051634, .17997874, -.40053761
.58489954, .18350072, -.40139884
.54821348, .18675940, -.36145407
.65054500, .18905625, -.46148875
.70421487, .19317201, -.51104283
.64213687, .19663770, -.44549918
.24332732, .19896360, -.44363722E-01
.0000000, .19283971, .19283971
.0000000, .18858419, .18858419
.0000000, .18526694, .18526694
.0000000, .18235543, .18235543
.0000000, .17981806, .17981806
.0000000, .17745711, .17745711
.0000000, .17542394, .17542394
.0000000, .17242426, .17242426
.0000000, .16922563, .16922563
.0000000, .16683170, .16683170
.0000000, .16439867, .16439867
.0000000, .16217318, .16217318
.0000000, .16027439, .16027439
.74290581E-01, .16108297, .86792387E-01
.44357121, .16097233, -.28259888
.37460136, .16408713, -.21051423
.59393293, .16527486, -.42865807
.56818771, .16910118, -.39908653
.57048464, .17210121, -.39838344
.55620724, .17511132, -.38109592
.64368373, .17757723, -.46610650
.69617510, .18128461, -.51489049
.63936889, .18447286, -.45489603
.23165542, .18696085, -.44694573E-01
.0000000, .18105562, .18105562
.0000000, .17655368, .17655368
.0000000, .17255686, .17255686
.0000000, .16885886, .16885886
.0000000, .16610219, .16610219
.0000000, .16280325, .16280325
.0000000, .16039345, .16039345
.0000000, .15846494, .15846494
.0000000, .15710783, .15710783
.0000000, .15590361, .15590361
.0000000, .15493752, .15493752
.0000000, .15391076, .15391076
.0000000, .15304533, .15304533
.78609951E-01, .15469185, .76081894E-01
.46188509, .15566212, -.30622298
.39212400, .16023597, -.23188803
.62630206, .16260882, -.46369326
.59563953, .16825354, -.42738599
.60825807, .17204148, -.43621659
.57885408, .17746031, -.40139377
.66204745, .18406722, -.47798023
.71510708, .19111501, -.52399206
.63611811, .19555244, -.44056568
.24724978, .19826061, -.48989177E-01
.0000000, .19234647, .19234647
.0000000, .18749967, .18749967
.0000000, .18386199, .18386199
.0000000, .18047974, .18047974
.0000000, .17767394, .17767394
.0000000, .17482962, .17482962
.0000000, .17252067, .17252067
.0000000, .17132080, .17132080
.0000000, .17113777, .17113777
.0000000, .17109257, .17109257
.0000000, .17130388, .17130388
.0000000, .17104548, .17104548
.0000000, .17087942, .17087942
.78162014E-01, .17250173, .94339713E-01
.45587742, .17354317, -.28233427
.37163496, .17798844, -.19364652
.59984213, .17929846, -.42054367
.58138144, .18396918, -.39741224
.58576411, .18811536, -.39764875
.54902720, .19326340, -.35576379
.65148044, .19727358, -.45420685
.70514780, .20216811, -.50297970
.64296013, .20574114, -.43721899
.24383806, .20826921, -.35568848E-01
.0000000, .20205334, .20205334
.0000000, .19642404, .19642404
.0000000, .19131267, .19131267
.0000000, .18666044, .18666044
.0000000, .18295467, .18295467
.0000000, .17931280, .17931280
.0000000, .17583486, .17583486
.0000000, .17127232, .17127232
.0000000, .16879353, .16879353
.0000000, .16682956, .16682956
.0000000, .16487476, .16487476
.0000000, .16273251, .16273251
.0000000, .16074008, .16074008
.73414542E-01, .16111262, .87698080E-01
.46685243, .16117483, -.30567759
.42703229, .16572633, -.26130596
.68133354, .16872430, -.51260924
.63676840, .17539771, -.46137071
.64704084, .18028212, -.46675873
.64376372, .18521778, -.45854592
.69469345, .18950203, -.50519145
.69589907, .19351640, -.50238264
.63958263, .19699526, -.44258738
.23668200, .19965386, -.37028134E-01
.0000000, .19364217, .19364217
.0000000, .18895739, .18895739
.0000000, .18549207, .18549207
.0000000, .18198833, .18198833
.0000000, .17906909, .17906909
.0000000, .17659435, .17659435
.0000000, .17421478, .17421478
.0000000, .17082883, .17082883
.0000000, .16892068, .16892068
.0000000, .16739352, .16739352
.0000000, .16553281, .16553281
.0000000, .16347900, .16347900
.0000000, .16200401, .16200401
.72470389E-01, .16272895, .90258561E-01
.45872766, .16291752, -.29581013
.45633417, .16759191, -.28874224
.71941781, .17066319, -.54875463
.68401212, .17696251, -.50704962
.69826454, .18230577, -.51595879
.68403190, .18866263, -.49536926
.73525661, .19378726, -.54146934
.70570600, .19946882, -.50623715
.59169579, .20297955, -.38871622
.0000000, .20085374, .20085374
.0000000, .19541365, .19541365
.0000000, .19066894, .19066894
.0000000, .18673362, .18673362
.0000000, .18266010, .18266010
.0000000, .17976263, .17976263
.0000000, .17700431, .17700431
.0000000, .17437164, .17437164
.0000000, .17101865, .17101865
.0000000, .16921799, .16921799
.0000000, .16736373, .16736373
.0000000, .16580358, .16580358
.0000000, .16455087, .16455087
.0000000, .16366957, .16366957
.70470519E-01, .16480239, .94331868E-01
.44719326, .16552413, -.28166914
.46838424, .17014921, -.29823503
.76014769, .17365617, -.58649153
.72443038, .18089023, -.54354012
.74196643, .18608645, -.55587995
.72859049, .19260778, -.53598273
.73953861, .19746806, -.54207057
.69045091, .20204610, -.48840481
.55981958, .20519802, -.35462156
.0000000, .20276034, .20276034
.0000000, .19682340, .19682340
.0000000, .19145525, .19145525
.0000000, .18735203, .18735203
.0000000, .18344758, .18344758
.0000000, .18075475, .18075475
.0000000, .17774695, .17774695
.0000000, .17512062, .17512062
.0000000, .17536226, .17536226
.0000000, .17290692, .17290692
.0000000, .17109972, .17109972
.0000000, .16928741, .16928741
.0000000, .16730295, .16730295
.0000000, .16599362, .16599362
.68527609E-01, .16719821, .98670602E-01
.44138527, .16780166, -.27358359
.46500403, .17313738, -.29186666
.76529944, .17694941, -.58835006
.75342298, .18477404, -.56864893
.76280582, .19193360, -.57087219
.75220889, .19910091, -.55310798
.74184102, .20540106, -.53643996
.67377490, .21143338, -.46234152
.54822898, .21456215, -.33366683
.0000000, .21140569, .21140569
.0000000, .20482117, .20482117
.0000000, .19852754, .19852754
.0000000, .19389437, .19389437
.0000000, .18995248, .18995248
.0000000, .18633996, .18633996
.0000000, .18267894, .18267894
.0000000, .17907470, .17907470
.0000000, .17433225, .17433225
.0000000, .17205152, .17205152
.0000000, .16979104, .16979104
.0000000, .16771284, .16771284
.0000000, .16528061, .16528061
.0000000, .16334628, .16334628
.66659577E-01, .16418687, .97527288E-01
.43001908, .16460966, -.26540941
.45893985, .16820227, -.29073757
.75704098, .17138951, -.58565146
.76576984, .17800151, -.58776832
.76672679, .18325719, -.58346963
.76791453, .18879357, -.57912099
.73139518, .19278976, -.53860545
.66883326, .19574434, -.47308892
.53338301, .19747072, -.33591229
.0000000, .19311169, .19311169
.0000000, .18643585, .18643585
.0000000, .18040986, .18040986
.0000000, .17567392, .17567392
.0000000, .17232549, .17232549
.0000000, .16947819, .16947819
.0000000, .16651654, .16651654
.0000000, .16332895, .16332895
.0000000, .15884592, .15884592
.0000000, .15617220, .15617220
.0000000, .15426758, .15426758
.0000000, .15225196, .15225196
.0000000, .15046047, .15046047
.0000000, .14908597, .14908597
.0000000, .14823206, .14823206
.37451595, .15028480, -.22423115
.43317938, .15470628, -.27847308
.72357249, .15846847, -.56510401
.74922061, .16522971, -.58399093
.72343183, .16980013, -.55363166
.70892555, .17548138, -.53344417
.69265479, .17960238, -.51305240
.64927852, .18341014, -.46586838
.0000000, .18171388, .18171388
.0000000, .17655507, .17655507
.0000000, .17093319, .17093319
.0000000, .16586128, .16586128
.0000000, .16239963, .16239963
.0000000, .15986615, .15986615
.0000000, .15768611, .15768611
.0000000, .15536653, .15536653
.0000000, .15247393, .15247393
.0000000, .15139030, .15139030
.0000000, .14956598, .14956598
.0000000, .14788008, .14788008
.0000000, .14649345, .14649345
.0000000, .14476043, .14476043
.0000000, .14357661, .14357661
.55509247E-01, .14503747, .89528225E-01
.39272001, .14625110, -.24646892
.43928319, .15136187, -.28792131
.73453856, .15499926, -.57953930
.75367653, .16208196, -.59159458
.74370933, .16722772, -.57648158
.74244434, .17265841, -.56978595
.68262994, .17796382, -.50466609
.63929415, .18209043, -.45720372
.0000000, .18101117, .18101117
.0000000, .17625760, .17625760
.0000000, .17086400, .17086400
.0000000, .16614738, .16614738
.0000000, .16233277, .16233277
.0000000, .15992907, .15992907
.0000000, .15769747, .15769747
.0000000, .15571442, .15571442
.0000000, .15313563, .15313563
.0000000, .15167169, .15167169
.0000000, .14987570, .14987570
.0000000, .14809442, .14809442
.0000000, .14674938, .14674938
.0000000, .14557388, .14557388
.0000000, .14459130, .14459130
.58537282E-01, .14601618, .87478898E-01
.40699953, .14680089, -.26019865
.44052905, .15216205, -.28836700
.73667246, .15617457, -.58049786
.75169784, .16322048, -.58847737
.74475372, .16855171, -.57620203
.74146891, .17395777, -.56751114
.69538057, .17923051, -.51615006
.64605170, .18347442, -.46257728
.42567033, .18549657, -.24017376
.0000000, .18102752, .18102752
.0000000, .17499146, .17499146
.0000000, .16962618, .16962618
.0000000, .16515878, .16515878
.0000000, .16223827, .16223827
.0000000, .16010951, .16010951
.0000000, .15758508, .15758508
.0000000, .15484819, .15484819
.0000000, .15376309, .15376309
.0000000, .15143754, .15143754
.0000000, .14971322, .14971322
.0000000, .14806074, .14806074
.0000000, .14655246, .14655246
.0000000, .14530218, .14530218
.0000000, .14490506, .14490506
.37523127, .14746465, -.22776662
.43322530, .15175447, -.28147084
.72355646, .15541804, -.56813842
.74914253, .16226159, -.58688092
.72343379, .16650519, -.55692863
.70892811, .17155385, -.53737426
.69265771, .17474514, -.51791257
.64928162, .17767715, -.47160447
.0000000, .17537850, .17537850
.0000000, .16998421, .16998421
.0000000, .16407979, .16407979
.0000000, .15851757, .15851757
.0000000, .15513144, .15513144
.0000000, .15266354, .15266354
.0000000, .15100975, .15100975
.0000000, .14920419, .14920419
.0000000, .14650799, .14650799
.0000000, .14487341, .14487341
.0000000, .14280690, .14280690
.0000000, .14093173, .14093173
.0000000, .13947371, .13947371
.0000000, .13780439, .13780439
.0000000, .13650280, .13650280
.56235675E-01, .13791624, .81680566E-01
.39405549, .13867816, -.25537732
.43931860, .14360616, -.29571244
.73395234, .14711812, -.58683419
.75331593, .15393820, -.59937775
.74369293, .15892728, -.58476567
.74244326, .16450199, -.57794130
.68263578, .16901769, -.51361811
.63929951, .17235900, -.46694052
.0000000, .17065500, .17065500
.0000000, .16585602, .16585602
.0000000, .16061951, .16061951
.0000000, .15606342, .15606342
.0000000, .15274021, .15274021
.0000000, .15083778, .15083778
.0000000, .14904252, .14904252
.0000000, .14722884, .14722884
.0000000, .14474913, .14474913
.0000000, .14342012, .14342012
.0000000, .14164232, .14164232
.0000000, .14017490, .14017490
.0000000, .13862643, .13862643
.0000000, .13714606, .13714606
.0000000, .13604598, .13604598
.59361544E-01, .13748874, .78127190E-01
.40859932, .13866727, -.26993203
.44057244, .14399476, -.29657769
.73611850, .14745630, -.58866221
.75145280, .15453780, -.59691501
.74471754, .16048408, -.58423346
.74147129, .16641848, -.57505280
.69538599, .17145807, -.52392793
.64605641, .17519583, -.47086060
.42567310, .17732039, -.24835271
.0000000, .17284219, .17284219
.0000000, .16691418, .16691418
.0000000, .16181134, .16181134
.0000000, .15787531, .15787531
.0000000, .15515915, .15515915
.0000000, .15287507, .15287507
.0000000, .15039521, .15039521
.0000000, .14741743, .14741743
.0000000, .14543211, .14543211
.0000000, .14346665, .14346665
.0000000, .14178294, .14178294
.0000000, .14006214, .14006214
.0000000, .13851433, .13851433
.0000000, .13752685, .13752685
.63435480E-01, .13917390, .75738415E-01
.40750444, .14037922, -.26712522
.44013432, .14578414, -.29435018
.73655713, .14971223, -.58684492
.74889803, .15696901, -.59192902
.74269187, .16287044, -.57982147
.74648768, .16925363, -.57723403
.70555604, .17477328, -.53078276
.65263289, .17890617, -.47372672
.45898128, .18078485, -.27819642
.0000000, .17633823, .17633823
.0000000, .16981840, .16981840
.0000000, .16456929, .16456929
.0000000, .15999243, .15999243
.0000000, .15695977, .15695977
.0000000, .15443389, .15443389
.0000000, .15211345, .15211345
.0000000, .14926472, .14926472
.0000000, .14879367, .14879367
.0000000, .14645717, .14645717
.0000000, .14448759, .14448759
.0000000, .14280246, .14280246
.0000000, .14093436, .14093436
.0000000, .13975579, .13975579
.0000000, .13916250, .13916250
.37512439, .14151882, -.23360558
.43330944, .14613017, -.28717926
.72353989, .15025337, -.57328653
.74904621, .15738888, -.59165734
.72345895, .16245598, -.56100297
.70895225, .16877066, -.54018158
.69268125, .17385425, -.51882702
.64930218, .17829309, -.47100908
.0000000, .17642666, .17642666
.0000000, .17145653, .17145653
.0000000, .16630578, .16630578
.0000000, .16136046, .16136046
.0000000, .15760058, .15760058
.0000000, .15511724, .15511724
.0000000, .15301734, .15301734
.0000000, .15070555, .15070555
.0000000, .14780740, .14780740
.0000000, .14752349, .14752349
.0000000, .14497009, .14497009
.0000000, .14325181, .14325181
.0000000, .14145340, .14145340
.0000000, .13975014, .13975014
.0000000, .13859424, .13859424
.0000000, .13782282, .13782282
.0000000, .13692522, .13692522
.27537072, .13921355, -.13615717
.47841138, .14127676, -.33713460
.62093580, .14600120, -.47493458
.46156198, .15066385, -.31089813
.61461878, .15448005, -.46013874
.62718576, .15955500, -.46763074
.47373438, .16359259, -.31014180
.0000000, .16230112, .16230112
.0000000, .15953311, .15953311
.0000000, .15601076, .15601076
.0000000, .15058602, .15058602
.0000000, .14774439, .14774439
.0000000, .14668529, .14668529
.0000000, .14528568, .14528568
.0000000, .14437424, .14437424
.0000000, .14107648, .14107648
.0000000, .13874432, .13874432
.0000000, .13729075, .13729075
.0000000, .13551465, .13551465
.0000000, .13439281, .13439281
.0000000, .13311951, .13311951
.0000000, .13220629, .13220629
.61865069E-01, .13369799, .71832918E-01
.39126307, .13601607, -.25524700
.42748982, .14091264, -.28657717
.70052373, .14522046, -.55530328
.75590956, .15375119, -.60215837
.53628349, .15914106, -.37714243
.55658644, .16363625, -.39295018
.52929503, .16676657, -.36252844
.55989075, .16927527, -.39061546
.0000000, .16833130, .16833130
.0000000, .16399287, .16399287
.0000000, .15974191, .15974191
.0000000, .15652946, .15652946
.0000000, .15375225, .15375225
.0000000, .15049374, .15049374
.0000000, .14878476, .14878476
.0000000, .14619648, .14619648
.0000000, .14455070, .14455070
.0000000, .14226469, .14226469
.0000000, .14003938, .14003938
.0000000, .13868190, .13868190
.0000000, .13694392, .13694392
.0000000, .13588448, .13588448
.0000000, .13508548, .13508548
.0000000, .13413344, .13413344
.39937207, .13588347, -.26348859
.44238684, .14059977, -.30178708
.74014610, .14529824, -.59484786
.75062752, .15206707, -.59856045
.74497342, .15853879, -.58643460
.74031925, .16527113, -.57504809
.72753757, .16977954, -.55775803
.72941053, .17431688, -.55509365
.60137433, .17684454, -.42452979
.0000000, .17317121, .17317121
.0000000, .16606046, .16606046
.0000000, .16094577, .16094577
.0000000, .15626472, .15626472
.0000000, .15384829, .15384829
.0000000, .15109716, .15109716
.0000000, .14872204, .14872204
.0000000, .14609173, .14609173
.0000000, .14488116, .14488116
.0000000, .14357664, .14357664
.0000000, .14185914, .14185914
.0000000, .14076138, .14076138
.0000000, .13939925, .13939925
.0000000, .13804327, .13804327
.67700848E-01, .13945042, .71749568E-01
.40072358, .14180252, -.25892106
.45089966, .14852257, -.30237710
.74788463, .15113349, -.59675115
.76162410, .15755978, -.60406435
.75570256, .16236374, -.59333885
.74505192, .16555233, -.57949960
.66558111, .17037031, -.49521080
.60155094, .17365643, -.42789450
.47033960, .17493090, -.29540870
.0000000, .17069158, .17069158
.0000000, .16431209, .16431209
.0000000, .15921313, .15921313
.0000000, .15464148, .15464148
.0000000, .15262826, .15262826
.0000000, .14981298, .14981298
.0000000, .14739260, .14739260
.0000000, .14521110, .14521110
.0000000, .14384559, .14384559
.0000000, .14308260, .14308260
.0000000, .14198802, .14198802
.0000000, .14034347, .14034347
.0000000, .13942434, .13942434
.0000000, .13851497, .13851497
.67725271E-01, .14021158, .72486311E-01
.41368419, .14128377, -.27240044
.43928218, .14682999, -.29245219
.74246395, .14946288, -.59300107
.73529422, .15428440, -.58100981
.74454516, .15902761, -.58551753
.73660588, .16415967, -.57244623
.73080313, .16916239, -.56164074
.66634566, .17202877, -.49431688
.50284410, .17410687, -.32873723
.0000000, .17021853, .17021853
.0000000, .16456226, .16456226
.0000000, .15994239, .15994239
.0000000, .15543446, .15543446
.0000000, .15247911, .15247911
.0000000, .15113632, .15113632
.0000000, .14895083, .14895083
.0000000, .14658666, .14658666
.0000000, .14472535, .14472535
.0000000, .14258438, .14258438
.0000000, .14090604, .14090604
.0000000, .13979666, .13979666
.0000000, .13747920, .13747920
.0000000, .13686559, .13686559
.72451279E-01, .13863426, .66182986E-01
.40114090, .13965051, -.26149040
.43745470, .14473215, -.29272255
.73686063, .14817241, -.58868825
.71644276, .15251234, -.56393039
.72301954, .15799415, -.56502539
.75495189, .16358767, -.59136420
.72623748, .16679305, -.55944443
.67381984, .17025211, -.50356770
.57273477, .17257151, -.40016326
.0000000, .16913062, .16913062
.0000000, .16154860, .16154860
.0000000, .15822855, .15822855
.0000000, .15415005, .15415005
.0000000, .15053880, .15053880
.0000000, .14804251, .14804251
.0000000, .14544980, .14544980
.0000000, .14194550, .14194550
.0000000, .13889520, .13889520
.0000000, .13800544, .13800544
.0000000, .13755417, .13755417
.0000000, .13809180, .13809180
.0000000, .13717021, .13717021
.0000000, .13627723, .13627723
.60462050E-01, .13802615, .77564098E-01
.40874547, .13963613, -.26910934
.44144523, .14425680, -.29718843
.72029883, .14742422, -.57287461
.77047610, .15455897, -.61591715
.76568937, .16005483, -.60563457
.75982392, .16408128, -.59574264
.67721367, .16598661, -.51122707
.0000000, .16194023, .16194023
.50540137, .16134785, -.34405351
.0000000, .15913112, .15913112
.0000000, .15623754, .15623754
.0000000, .15402275, .15402275
.0000000, .15064532, .15064532
.0000000, .14751612, .14751612
.0000000, .14500389, .14500389
.0000000, .14321433, .14321433
.0000000, .14133827, .14133827
.0000000, .14022930, .14022930
.0000000, .13872999, .13872999
.0000000, .13718475, .13718475
.0000000, .13547541, .13547541
.0000000, .13414167, .13414167
.0000000, .13313931, .13313931
.66671036E-01, .13516238, .68491347E-01
.34837711, .13508537, -.21329173
.37368315, .13718730, -.23649585
.69564819, .14054778, -.55510044
.72671682, .14619765, -.58051920
.76098442, .15368405, -.60730040
.74382102, .15725246, -.58656859
.72650611, .16113204, -.56537408
.71059704, .16435133, -.54624569
.63198549, .16721377, -.46477172
.0000000, .16425025, .16425025
.0000000, .15899320, .15899320
.0000000, .15447912, .15447912
.0000000, .15144059, .15144059
.0000000, .14930956, .14930956
.0000000, .14730212, .14730212
.0000000, .14523968, .14523968
.0000000, .14443889, .14443889
.0000000, .14234832, .14234832
.0000000, .14017762, .14017762
.0000000, .13877396, .13877396
.0000000, .13744748, .13744748
.0000000, .13669914, .13669914
.0000000, .13557535, .13557535
.57141080E-01, .13682629, .79685211E-01
.33627704, .13673761, -.19953942
.43868285, .14053124, -.29815161
.70969188, .14262754, -.56706434
.69979811, .14726040, -.55253768
.68309611, .14920917, -.53388691
.69957936, .15431973, -.54525959
.72231305, .15929693, -.56301612
.55508631, .16162862, -.39345771
.43980208, .15980920, -.27999288
.0000000, .15462866, .15462866
.0000000, .15210144, .15210144
.0000000, .14995362, .14995362
.0000000, .14792675, .14792675
.0000000, .14596266, .14596266
.0000000, .14488384, .14488384
.0000000, .14274366, .14274366
.0000000, .14113262, .14113262
.0000000, .13969499, .13969499
.0000000, .13832454, .13832454
.0000000, .13725093, .13725093
.0000000, .13539246, .13539246
.0000000, .13394475, .13394475
.0000000, .13298237, .13298237
.0000000, .13216574, .13216574
.36499390, .13409503, -.23089887
.38655829, .13639489, -.25016341
.69833535, .14011782, -.55821753
.70609200, .14496009, -.56113189
.71019626, .14969318, -.56050307
.71527940, .15387331, -.56140608
.72898710, .15820718, -.57077992
.67332774, .16058597, -.51274180
.60831130, .16326651, -.44504479
.0000000, .15921371, .15921371
.0000000, .15645491, .15645491
.0000000, .15309976, .15309976
.0000000, .15110752, .15110752
.0000000, .14831251, .14831251
.0000000, .14552948, .14552948
.0000000, .14264014, .14264014
.0000000, .14142957, .14142957
.0000000, .13875768, .13875768
.0000000, .13748962, .13748962
.0000000, .13505265, .13505265
.0000000, .13434806, .13434806
.0000000, .13434592, .13434592
.0000000, .13310601, .13310601
.0000000, .13261278, .13261278
.42617875, .13614489, -.29003388
.43096706, .13931000, -.29165706
.74108034, .14197677, -.59910357
.73199928, .14674698, -.58525229
.72362572, .15105602, -.57256973
.61422306, .15475321, -.45946985
.66550493, .15827456, -.50723040
.42654890, .16102803, -.26552087
.55808002, .16076253, -.39731747
.0000000, .15746531, .15746531
.0000000, .15606624, .15606624
.0000000, .15315276, .15315276
.0000000, .14961407, .14961407
.0000000, .14740019, .14740019
.0000000, .14550319, .14550319
.0000000, .14395086, .14395086
.0000000, .14271966, .14271966
.0000000, .14092672, .14092672
.0000000, .13964078, .13964078
.0000000, .13826828, .13826828
.0000000, .13631842, .13631842
.0000000, .13559021, .13559021
.0000000, .13404638, .13404638
.0000000, .13307667, .13307667
.59072897E-01, .13421327, .75140372E-01
.43027782, .13346268, -.29681516
.47741336, .13616648, -.34124687
.72252595, .13904479, -.58348119
.73212409, .14418113, -.58794296
.73588336, .14926070, -.58662266
.52709162, .15387237, -.37321925
.72519881, .15635200, -.56884682
.63981652, .16036859, -.47944793
.0000000, .15889779, .15889779
.0000000, .15597595, .15597595
.0000000, .15336767, .15336767
.0000000, .15079573, .15079573
.0000000, .14845149, .14845149
.0000000, .14641985, .14641985
.0000000, .14441642, .14441642
.0000000, .14232060, .14232060
.0000000, .14053378, .14053378
.0000000, .13876709, .13876709
.0000000, .13703164, .13703164
.0000000, .13563280, .13563280
.0000000, .13409486, .13409486
.0000000, .13285847, .13285847
.68393469E-01, .13393109, .65537617E-01
.79430118E-01, .13326870, .53838581E-01
.41222736, .13311656, -.27911079
.71698731, .13568544, -.58130187
.64828372, .14106636, -.50721735
.74002403, .14492717, -.59509683
.71570319, .15001915, -.56568402
.59791738, .15431748, -.44359988
.69333303, .15620060, -.53713244
.58094442, .15992543, -.42101899
.0000000, .15778860, .15778860
.0000000, .15466133, .15466133
.0000000, .15167716, .15167716
.0000000, .14926367, .14926367
.0000000, .14728594, .14728594
.0000000, .14540145, .14540145
.0000000, .14360572, .14360572
.0000000, .14228179, .14228179
.0000000, .13996816, .13996816
.0000000, .13798627, .13798627
.0000000, .13638866, .13638866
.0000000, .13488558, .13488558
.0000000, .13350016, .13350016
.0000000, .13258891, .13258891
.0000000, .13128516, .13128516
.70260897E-01, .13245264, .62191740E-01
.39807817, .13220131, -.26587686
.72024584, .13417934, -.58606648
.75727141, .13978314, -.61748827
.71912193, .14472337, -.57439858
.71691692, .15015043, -.56676650
.53126127, .15394929, -.37731197
.0000000, .15245742, .15245742
.0000000, .14977503, .14977503
.0000000, .14728571, .14728571
.0000000, .14508469, .14508469
.0000000, .13746557, .13746557
.0000000, .13231182, .13231182
.0000000, .12764010, .12764010
.0000000, .12471049, .12471049
.0000000, .12170424, .12170424
.0000000, .11874577, .11874577
.0000000, .11785946, .11785946
.0000000, .11746741, .11746741
.0000000, .11601396, .11601396
.0000000, .11464021, .11464021
.0000000, .11296363, .11296363
.0000000, .11194523, .11194523
.41826434E-01, .11219595, .70369519E-01
.51872212E-01, .11499669, .63124478E-01
.28660649, .11619559, -.17041090
.48686939, .11704396, -.36982542
.49925870, .11882530, -.38043338
.53581417, .12326696, -.41254720
.53204912, .12444444, -.40760469
.46629518, .12467726, -.34161794
.43602204, .12317824, -.31284380
.40287110, .12313423, -.27973688
.0000000, .11591487, .11591487
.0000000, .11402109, .11402109
.0000000, .11307565, .11307565
.0000000, .11260253, .11260253
.0000000, .11207379, .11207379
.0000000, .10911583, .10911583
.0000000, .10922326, .10922326
.0000000, .10535613, .10535613
.0000000, .10387529, .10387529
.0000000, .10565177, .10565177
.0000000, .10420837, .10420837
.0000000, .10644381, .10644381
.0000000, .10263830, .10263830
.0000000, .10225165, .10225165
.42185105E-01, .10866424, .66479132E-01
.55726640E-01, .11659238, .60865745E-01
.30425361, .11913505, -.18511856
.56635821, .12686487, -.43949336
.57441068, .12938380, -.44502687
.59416085, .13347235, -.46068850
.59673446, .13608886, -.46064562
.52085465, .13792825, -.38292640
.50000769, .13913915, -.36086854
.41167456, .13818859, -.27348596
.0000000, .12625936, .12625936
.0000000, .12061316, .12061316
.0000000, .11751139, .11751139
.0000000, .11307523, .11307523
.0000000, .11163594, .11163594
.0000000, .11125344, .11125344
.0000000, .11134365, .11134365
.0000000, .10396278, .10396278
.0000000, .10193049, .10193049
.0000000, .10178076, .10178076
.0000000, .10089727, .10089727
.0000000, .10067812, .10067812
.0000000, .10057684, .10057684
.0000000, .10042205, .10042205
.45925029E-01, .11005408, .64129047E-01
.63437089E-01, .12843290, .64995810E-01
.38657254, .13959521, -.24697733
.64432395, .14009038, -.50423360
.66867709, .14534970, -.52332741
.68185294, .14922845, -.53262448
.68671298, .15227826, -.53443474
.59304392, .15217975, -.44086418
.56418133, .15333071, -.41085061
.46359739, .15327223, -.31032515
.0000000, .14402504, .14402504
.0000000, .13420752, .13420752
.0000000, .13339791, .13339791
.0000000, .13038260, .13038260
.0000000, .12239607, .12239607
.0000000, .11778896, .11778896
.0000000, .11525948, .11525948
.0000000, .11268857, .11268857
.0000000, .10749179, .10749179
.0000000, .10424896, .10424896
.0000000, .10461211, .10461211
.0000000, .10325132, .10325132
.0000000, .10222901, .10222901
.0000000, .10096071, .10096071
.46004653E-01, .10668322, .60678564E-01
.61010074E-01, .12150589, .60495812E-01
.37315902, .13285930, -.24029972
.67301232, .13975541, -.53325689
.68424910, .14321394, -.54103518
.68621832, .14531201, -.54090631
.68862200, .14899209, -.53962994
.61014938, .14914547, -.46100390
.57220304, .15015483, -.42204821
.48154539, .14914353, -.33240187
.0000000, .13723044, .13723044
.0000000, .13207290, .13207290
.0000000, .12765971, .12765971
.0000000, .12184438, .12184438
.0000000, .11845122, .11845122
.0000000, .11590276, .11590276
.0000000, .11426449, .11426449
.0000000, .11557320, .11557320
.0000000, .11575188, .11575188
.0000000, .12482621, .12482621
.0000000, .12726796, .12726796
.0000000, .12468892, .12468892
.0000000, .12032926, .12032926
.0000000, .11992436, .11992436
.55806585E-01, .12147055, .65663964E-01
.70344485E-01, .12463202, .54287530E-01
.39427936, .12834041, -.26593894
.66214240, .12960479, -.53253758
.69014680, .13475367, -.55539310
.69427544, .13766427, -.55661118
.68135965, .13880107, -.54255855
.60777867, .14032091, -.46745777
.57132405, .13951668, -.43180737
.48115996, .13813269, -.34302726
.0000000, .12707011, .12707011
.0000000, .12495378, .12495378
.0000000, .12208524, .12208524
.0000000, .11937587, .11937587
.0000000, .11810027, .11810027
.0000000, .11530450, .11530450
.0000000, .11518359, .11518359
.0000000, .11284051, .11284051
.0000000, .11134943, .11134943
.0000000, .11218534, .11218534
.0000000, .11115678, .11115678
.0000000, .11136487, .11136487
.0000000, .11194514, .11194514
.0000000, .11158797, .11158797
.0000000, .11221941, .11221941
.52976880E-01, .11715276, .64175874E-01
.32031935, .11926247, -.20105688
.60117882, .12148459, -.47969425
.64826512, .12465839, -.52360672
.65001297, .12849738, -.52151561
.66614568, .13358891, -.53255677
.61303866, .13528860, -.47775006
.60029817, .13626568, -.46403247
.55688977, .13732427, -.41956550
.0000000, .12931466, .12931466
.0000000, .12227792, .12227792
.0000000, .11949860, .11949860
.0000000, .11751867, .11751867
.0000000, .11446913, .11446913
.0000000, .11374114, .11374114
.0000000, .11071640, .11071640
.0000000, .10943466, .10943466
.0000000, .10961717, .10961717
.0000000, .10638539, .10638539
.0000000, .10515618, .10515618
.0000000, .10295253, .10295253
.0000000, .10348885, .10348885
.0000000, .10359813, .10359813
.51000316E-01, .10759248, .56592163E-01
.65427065E-01, .11602537, .50598301E-01
.40330946, .12592028, -.27738917
.71794516, .13135779, -.58658737
.73584569, .13656972, -.59927595
.72343868, .13771087, -.58572781
.72183430, .14121255, -.58062172
.65812850, .14159648, -.51653200
.60655034, .14212078, -.46442956
.48456672, .14192291, -.34264380
.0000000, .13194987, .13194987
.0000000, .12697929, .12697929
.0000000, .12347503, .12347503
.0000000, .12071599, .12071599
.0000000, .11790812, .11790812
.0000000, .11693411, .11693411
.0000000, .11592705, .11592705
.0000000, .11460564, .11460564
.0000000, .11268425, .11268425
.0000000, .11065291, .11065291
.0000000, .10930650, .10930650
.0000000, .10904095, .10904095
.0000000, .10839061, .10839061
.0000000, .10726853, .10726853
.46251640E-01, .10630508, .60053438E-01
.67484252E-01, .11407948, .46595223E-01
.41108030, .12258148, -.28849882
.72707033, .12757516, -.59949517
.72857171, .13126321, -.59730852
.72919261, .13387950, -.59531313
.71893656, .13576849, -.58316809
.63119942, .13685694, -.49434248
.58719093, .13853250, -.44865841
.47175705, .13735434, -.33440271
.0000000, .13000223, .13000223
.0000000, .12929344, .12929344
.0000000, .12737310, .12737310
.0000000, .12081456, .12081456
.0000000, .11876240, .11876240
.0000000, .11813076, .11813076
.0000000, .11548449, .11548449
.0000000, .11330563, .11330563
.0000000, .11235479, .11235479
.0000000, .11150436, .11150436
.0000000, .11106338, .11106338
.0000000, .11116891, .11116891
.0000000, .11002187, .11002187
.0000000, .10978686, .10978686
.65916136E-01, .11602812, .50111979E-01
.60044345E-01, .11556545, .55521104E-01
.38986623, .11687885, -.27298737
.68815821, .11894151, -.56921673
.69717503, .12309179, -.57408321
.70556033, .12717403, -.57838631
.70685047, .13024065, -.57660985
.69894642, .13304913, -.56589729
.64157015, .13528666, -.50628352
.52970773, .13673282, -.39297491
.0000000, .13051578, .13051578
.0000000, .12885469, .12885469
.0000000, .12666638, .12666638
.0000000, .12498459, .12498459
.0000000, .12089460, .12089460
.0000000, .11858968, .11858968
.0000000, .11621555, .11621555
.0000000, .11727036, .11727036
.0000000, .11805555, .11805555
.0000000, .11419567, .11419567
.0000000, .11288033, .11288033
.0000000, .11119206, .11119206
.0000000, .10922554, .10922554
.0000000, .10880052, .10880052
.0000000, .10733961, .10733961
.68657286E-01, .11132386, .42666577E-01
.39812034, .11416210, -.28395826
.69391263, .11743101, -.57648158
.68341839, .12050492, -.56291348
.68294710, .12311224, -.55983484
.59308779, .12600458, -.46708322
.64658701, .12660649, -.51998055
.45192474, .12898636, -.32293838
.0000000, .12559582, .12559582
.0000000, .12314236, .12314236
.0000000, .12728938, .12728938
.0000000, .13305537, .13305537
.0000000, .14631619, .14631619
.0000000, .15913041, .15913041
.0000000, .16386372, .16386372
.0000000, .16097699, .16097699
.0000000, .15874487, .15874487
.0000000, .15655705, .15655705
.0000000, .15447392, .15447392
.0000000, .15199633, .15199633
.0000000, .15093210, .15093210
.0000000, .14947414, .14947414
.0000000, .14819574, .14819574
.0000000, .14678308, .14678308
.63643545E-01, .14870566, .85062116E-01
.34629446, .14861394, -.19768052
.63640559, .15042955, -.48597604
.66797328, .15612027, -.51185298
.64970160, .16031152, -.48939008
.67726415, .16544391, -.51182026
.67061186, .16916302, -.50144887
.49818698, .17142946, -.32675752
.51394892, .17261486, -.34133404
.0000000, .16922942, .16922942
.0000000, .16499165, .16499165
.0000000, .16149053, .16149053
.0000000, .15878692, .15878692
.0000000, .15576239, .15576239
.0000000, .15396872, .15396872
.0000000, .15176842, .15176842
.0000000, .15000682, .15000682
.0000000, .14826167, .14826167
.0000000, .14645222, .14645222
.0000000, .14484927, .14484927
.0000000, .14326404, .14326404
.0000000, .14211215, .14211215
.0000000, .14101756, .14101756
.56221038E-01, .14164707, .85426033E-01
.74343070E-01, .14353071, .69187641E-01
.43350631, .14752275, -.28598356
.73455095, .15040970, -.58414125
.74948931, .15664285, -.59284645
.75875378, .16238150, -.59637225
.74000049, .16578317, -.57421732
.72249222, .16993271, -.55255949
.70749617, .17311528, -.53438091
.64926833, .17680340, -.47246492
.0000000, .17407402, .17407402
.0000000, .16738750, .16738750
.0000000, .16392985, .16392985
.0000000, .16012996, .16012996
.0000000, .15725607, .15725607
.0000000, .15236157, .15236157
.0000000, .15149082, .15149082
.0000000, .14796068, .14796068
.0000000, .14626901, .14626901
.0000000, .14354733, .14354733
.0000000, .14181992, .14181992
.0000000, .14005210, .14005210
.0000000, .13812786, .13812786
.0000000, .13724594, .13724594
.59523549E-01, .13856851, .79044953E-01
.70882894E-01, .14030659, .69423698E-01
.41677529, .14341411, -.27336118
.73095965, .14869304, -.58226663
.72941470, .15409259, -.57532209
.71501744, .15855218, -.55646527
.72259021, .16328815, -.55930209
.71188271, .16718774, -.54469496
.71315682, .17079665, -.54236019
.59247154, .17299308, -.41947848
.0000000, .16967422, .16967422
.0000000, .16529815, .16529815
.0000000, .16367990, .16367990
.0000000, .16120258, .16120258
.0000000, .15601788, .15601788
.0000000, .15376590, .15376590
.0000000, .15383625, .15383625
.0000000, .15195426, .15195426
.0000000, .14830475, .14830475
.0000000, .14552793, .14552793
.0000000, .14264765, .14264765
.0000000, .14147857, .14147857
.0000000, .14149779, .14149779
.0000000, .14120953, .14120953
.0000000, .14064792, .14064792
.69227174E-01, .14208399, .72856814E-01
.43656451, .14438333, -.29218119
.75332934, .14832449, -.60500485
.72931516, .15373874, -.57557642
.63585323, .15773377, -.47811946
.65028608, .16167678, -.48860931
.70557815, .16602916, -.53954899
.59699827, .16961133, -.42738694
.0000000, .16699815, .16699815
.0000000, .16370021, .16370021
.0000000, .15936004, .15936004
.0000000, .16104594, .16104594
.0000000, .15885171, .15885171
.0000000, .15581246, .15581246
.0000000, .15377824, .15377824
.0000000, .15124157, .15124157
.0000000, .14758359, .14758359
.0000000, .14622962, .14622962
.0000000, .14495637, .14495637
.0000000, .14047733, .14047733
.0000000, .13744298, .13744298
.0000000, .13739872, .13739872
.0000000, .13442954, .13442954
.0000000, .13362500, .13362500
.0000000, .13316385, .13316385
.26336390, .13437663, -.12898727
.48937804, .13507143, -.35430661
.49912450, .13695490, -.36216959
.51436168, .13880801, -.37555367
.53386682, .14167559, -.39219123
.49192277, .14314410, -.34877867
.48972267, .14466901, -.34505367
.41661689, .14383702, -.27277988
.0000000, .13952069, .13952069
.0000000, .13529885, .13529885
.0000000, .13228387, .13228387
.0000000, .12937947, .12937947
.0000000, .13098897, .13098897
.0000000, .12720837, .12720837
.0000000, .12428347, .12428347
.0000000, .12281755, .12281755
.0000000, .12080792, .12080792
.0000000, .12042127, .12042127
.0000000, .11848700, .11848700
.0000000, .11799478, .11799478
.0000000, .11771362, .11771362
.0000000, .11726090, .11726090
.37784155E-01, .11992746, .82143307E-01
.49399775E-01, .12380074, .74400961E-01
.28771996, .13080266, -.15691730
.50048792, .13366611, -.36682183
.51246053, .13655262, -.37590790
.53499353, .14123784, -.39375567
.53473186, .14353630, -.39119557
.45614356, .14227761, -.31386596
.42584789, .14249766, -.28335023
.35813841, .13791767, -.22022074
.0000000, .12733209, .12733209
.0000000, .12088999, .12088999
.0000000, .11771239, .11771239
.0000000, .11756109, .11756109
.0000000, .11735933, .11735933
.0000000, .11715005, .11715005
.0000000, .11673737, .11673737
.0000000, .11640743, .11640743
.0000000, .11612786, .11612786
.0000000, .11564964, .11564964
.0000000, .11537369, .11537369
.0000000, .11514612, .11514612
.0000000, .11491471, .11491471
.0000000, .11464272, .11464272
.26557997E-01, .11841945, .91861449E-01
.39075468E-01, .11845379, .79378322E-01
.28559148, .13466319, -.15092829
.58737868, .15493920, -.43243948
.62047654, .16198386, -.45849270
.64940286, .16860700, -.48079586
.62968636, .16717461, -.46251175
.62210500, .16924426, -.45286074
.55682683, .16953039, -.38729644
.49003035, .16231543, -.32771492
.0000000, .14944133, .14944133
.0000000, .14003623, .14003623
.0000000, .13481136, .13481136
.0000000, .13639709, .13639709
.0000000, .12983593, .12983593
.0000000, .12797567, .12797567
.0000000, .12454976, .12454976
.0000000, .12424083, .12424083
.0000000, .11938629, .11938629
.0000000, .12126364, .12126364
.0000000, .11399011, .11399011
.0000000, .11376247, .11376247
.0000000, .11366422, .11366422
.0000000, .11349841, .11349841
.39388210E-01, .11765645, .78268245E-01
.53874418E-01, .13249013, .78615710E-01
.37698334, .16211578, -.21486756
.66664362, .16767466, -.49896896
.70134383, .17542978, -.52591407
.72003829, .18019253, -.53984576
.70531356, .18152539, -.52378815
.61667752, .18066218, -.43601534
.53384101, .17735392, -.35648710
.46961957, .17460442, -.29501516
.0000000, .16348739, .16348739
.0000000, .15365764, .15365764
.0000000, .14808212, .14808212
.0000000, .14359677, .14359677
.0000000, .14087647, .14087647
.0000000, .14021930, .14021930
.0000000, .13638392, .13638392
.0000000, .13136530, .13136530
.0000000, .13007601, .13007601
.0000000, .13049740, .13049740
.0000000, .12342582, .12342582
.0000000, .12525266, .12525266
.0000000, .12205687, .12205687
.0000000, .11972690, .11972690
.44884399E-01, .12099039, .76105990E-01
.56923978E-01, .13098307, .74059092E-01
.37883568, .14966024, -.22917543
.66379035, .15399371, -.50979662
.69154918, .16009267, -.53145653
.70435226, .16466829, -.53968394
.68962145, .16644949, -.52317196
.62598193, .16682562, -.45915630
.59666002, .16827813, -.42838189
.50356144, .16721600, -.33634543
.0000000, .15887742, .15887742
.0000000, .14995722, .14995722
.0000000, .14271078, .14271078
.0000000, .13733828, .13733828
.0000000, .13440534, .13440534
.0000000, .13118021, .13118021
.0000000, .12966289, .12966289
.0000000, .12599111, .12599111
.0000000, .12545384, .12545384
.0000000, .12389067, .12389067
.0000000, .12248437, .12248437
.0000000, .12249607, .12249607
.0000000, .12188222, .12188222
.0000000, .12339187, .12339187
.44258140E-01, .12654117, .82283027E-01
.59339628E-01, .13134994, .72010309E-01
.39764482, .14822650, -.24941832
.64772689, .14851847, -.49920842
.66506308, .15272023, -.51234287
.67155749, .15617035, -.51538712
.67868775, .16012752, -.51856023
.65538466, .16376972, -.49161494
.56067365, .16328734, -.39738631
.53395611, .16456689, -.36938924
.0000000, .15620011, .15620011
.0000000, .15200236, .15200236
.0000000, .14787120, .14787120
.0000000, .15122445, .15122445
.0000000, .14610980, .14610980
.0000000, .14433323, .14433323
.0000000, .13770993, .13770993
.0000000, .13878739, .13878739
.0000000, .13768795, .13768795
.0000000, .13284029, .13284029
.0000000, .13067113, .13067113
.0000000, .12983537, .12983537
.0000000, .12696016, .12696016
.0000000, .12626468, .12626468
.0000000, .12720670, .12720670
.62216640E-01, .13153785, .69321215E-01
.35850751, .13548332, -.22302419
.61793453, .13675527, -.48117924
.69219726, .14643918, -.54575807
.68771392, .15074824, -.53696567
.67979556, .15463570, -.52515984
.70561850, .15882993, -.54678857
.62404215, .16147949, -.46256268
.41839719, .16326517, -.25513202
.0000000, .15926802, .15926802
.0000000, .15588489, .15588489
.0000000, .15242875, .15242875
.0000000, .14826940, .14826940
.0000000, .14748999, .14748999
.0000000, .14656013, .14656013
.0000000, .14429858, .14429858
.0000000, .14114419, .14114419
.0000000, .14071906, .14071906
.0000000, .14095204, .14095204
.0000000, .14492366, .14492366
.0000000, .14470410, .14470410
.0000000, .14424877, .14424877
.0000000, .14197546, .14197546
.53442970E-01, .14392470, .90481728E-01
.64501040E-01, .14432645, .79825409E-01
.38057822, .14377621, -.23680201
.49991611, .14661561, -.35330051
.53678316, .15068559, -.38609755
.59243375, .15422156, -.43821219
.65279341, .15886952, -.49392390
.68117434, .16299090, -.51818347
.59087294, .16640052, -.42447242
.0000000, .16611953, .16611953
.0000000, .16258466, .16258466
.0000000, .15997441, .15997441
.0000000, .15700994, .15700994
.0000000, .15450272, .15450272
.0000000, .15213391, .15213391
.0000000, .15011482, .15011482
.0000000, .14867693, .14867693
.0000000, .14700586, .14700586
.0000000, .14543173, .14543173
.0000000, .14395027, .14395027
.0000000, .14243992, .14243992
.0000000, .14057995, .14057995
.0000000, .13622954, .13622954
.0000000, .13576034, .13576034
.0000000, .13501751, .13501751
.56897059E-01, .13603435, .79137295E-01
.30862847, .13595420, -.17267427
.52847707, .13583776, -.39263931
.55850869, .13757227, -.42093641
.58882809, .14127013, -.44755796
.60992461, .14674725, -.46317738
.55796647, .14751476, -.41045171
.51955539, .14838813, -.37116724
.45046896, .14727817, -.30319077
.0000000, .14427114, .14427114
.0000000, .14061347, .14061347
.0000000, .14032109, .14032109
.0000000, .13841641, .13841641
.0000000, .13679984, .13679984
.0000000, .13443330, .13443330
.0000000, .13336824, .13336824
.0000000, .13134843, .13134843
.0000000, .12908432, .12908432
.0000000, .12583475, .12583475
.0000000, .12323302, .12323302
.0000000, .11879972, .11879972
.0000000, .11749674, .11749674
.0000000, .11627117, .11627117
.35740867E-01, .11869480, .82953930E-01
.50226338E-01, .12318987, .72963528E-01
.29044813, .12871203, -.16173610
.49492913, .13004601, -.36488312
.52401519, .13480015, -.38921505
.51202917, .13491975, -.37710941
.53922582, .14095783, -.39826798
.45100039, .13666527, -.31433511
.41713250, .13460830, -.28252420
.40550220, .13261721, -.27288499
.0000000, .12452731, .12452731
.0000000, .12179568, .12179568
.0000000, .12083001, .12083001
.0000000, .12259940, .12259940
.0000000, .12095645, .12095645
.0000000, .12107933, .12107933
.0000000, .12073113, .12073113
.0000000, .11858738, .11858738
.0000000, .11504157, .11504157
.0000000, .11417324, .11417324
.0000000, .11409555, .11409555
.0000000, .11371459, .11371459
.0000000, .11349057, .11349057
.0000000, .11330178, .11330178
.28159603E-01, .11685519, .88695586E-01
.40142760E-01, .11685914, .76716378E-01
.27164641, .12789807, -.14374834
.53453648, .14196545, -.39257103
.52892172, .14211315, -.38680857
.58351576, .15296169, -.43055409
.56150061, .15201390, -.40948671
.50852638, .15133706, -.35718933
.44825441, .14867839, -.29957601
.38830009, .14593714, -.24236295
.0000000, .13328567, .13328567
.0000000, .13319083, .13319083
.0000000, .11668628, .11668628
.0000000, .11406240, .11406240
.0000000, .11364406, .11364406
.0000000, .11346427, .11346427
.0000000, .11328994, .11328994
.0000000, .11308819, .11308819
.0000000, .11288039, .11288039
.0000000, .11274326, .11274326
.0000000, .11257282, .11257282
.0000000, .11215248, .11215248
.0000000, .11204975, .11204975
.0000000, .11186235, .11186235
.0000000, .11165428, .11165428
.43183178E-01, .11612305, .72939873E-01
.29810280, .14010657, -.15799622
.62168068, .16378653, -.45789415
.62144959, .16511151, -.45633808
.65508729, .17271912, -.48236817
.63900357, .17228186, -.46672171
.56986594, .17089361, -.39897233
.50782835, .16792819, -.33990017
.42998886, .16431314, -.26567572
.0000000, .15411332, .15411332
.0000000, .14747843, .14747843
.0000000, .14004691, .14004691
.0000000, .13314855, .13314855
.0000000, .12689340, .12689340
.0000000, .11932730, .11932730
.0000000, .11336038, .11336038
.0000000, .11150773, .11150773
.0000000, .11128674, .11128674
.0000000, .11115086, .11115086
.0000000, .11101919, .11101919
.0000000, .11086628, .11086628
.0000000, .11075876, .11075876
.0000000, .11045842, .11045842
.0000000, .11024290, .11024290
.45907252E-01, .11479128, .68884030E-01
.31662950, .14493889, -.17169061
.60131037, .15834288, -.44296747
.64482605, .16733371, -.47749233
.64984483, .16973037, -.48011446
.66693670, .17509526, -.49184144
.58154094, .16952246, -.41201848
.54822111, .16844907, -.37977204
.47469532, .16658694, -.30810839
.0000000, .15484986, .15484986
.0000000, .14145790, .14145790
.0000000, .13388142, .13388142
.0000000, .12904684, .12904684
.0000000, .12773272, .12773272
.0000000, .12513754, .12513754
.0000000, .12459709, .12459709
.0000000, .11837504, .11837504
.0000000, .11634339, .11634339
.0000000, .11689529, .11689529
.0000000, .11351308, .11351308
.0000000, .11184022, .11184022
.0000000, .11177693, .11177693
.0000000, .10998644, .10998644
.0000000, .11750513, .11750513
.52823849E-01, .12739410, .74570246E-01
.36098206, .15451300, -.20646906
.66212916, .16330291, -.49882627
.66996425, .16606666, -.50389761
.67090982, .16679208, -.50411773
.62529135, .17001486, -.45527649
.65593326, .17191485, -.48401842
.59273398, .17354131, -.41919267
.44517776, .17159916, -.27357858
.0000000, .16145512, .16145512
.0000000, .14953750, .14953750
.0000000, .14963189, .14963189
.0000000, .14261958, .14261958
.0000000, .13982257, .13982257
.0000000, .13880020, .13880020
.0000000, .13565429, .13565429
.0000000, .13172381, .13172381
.0000000, .12455523, .12455523
.0000000, .12357469, .12357469
.0000000, .11916950, .11916950
.0000000, .11653426, .11653426
.0000000, .11516658, .11516658
.0000000, .11462433, .11462433
.0000000, .11387055, .11387055
.56870017E-01, .12804277, .71172759E-01
.36087033, .14397654, -.21689379
.67121482, .15263379, -.51858103
.70433426, .15925710, -.54507715
.69576448, .16090624, -.53485823
.67686284, .16170613, -.51515669
.60551822, .16120028, -.44431794
.54315031, .16093166, -.38221866
.44961494, .16107589, -.28853905
.0000000, .15376136, .15376136
.0000000, .14333226, .14333226
.0000000, .13647607, .13647607
.0000000, .13108969, .13108969
.0000000, .12882449, .12882449
.0000000, .12386640, .12386640
.0000000, .12117557, .12117557
.0000000, .11908324, .11908324
.0000000, .11586645, .11586645
.0000000, .11499756, .11499756
.0000000, .11157957, .11157957
.0000000, .11202951, .11202951
.0000000, .10939181, .10939181
.0000000, .10989451, .10989451
.0000000, .10598835, .10598835
.44144787E-01, .11286660, .68721808E-01
.29481012, .12664384, -.16816628
.60458159, .14233896, -.46224263
.63828164, .14859426, -.48968738
.63733453, .15065432, -.48668021
.63392526, .15299468, -.48093057
.60747540, .15273917, -.45473623
.56443501, .15500131, -.40943369
.0000000, .14837706, .14837706
.0000000, .14300713, .14300713
.0000000, .14193225, .14193225
.0000000, .13722651, .13722651
.0000000, .13750258, .13750258
.0000000, .13892820, .13892820
.0000000, .13588139, .13588139
.0000000, .12761284, .12761284
.0000000, .12314206, .12314206
.0000000, .12207828, .12207828
.0000000, .12013458, .12013458
.0000000, .12165862, .12165862
.0000000, .12055323, .12055323
.0000000, .12179109, .12179109
.0000000, .12219216, .12219216
.0000000, .12117286, .12117286
.53326763E-01, .12595963, .72632872E-01
.32622051, .12764931, -.19857121
.36021364, .13195994, -.22825369
.63469130, .13743651, -.49725479
.62842768, .13929436, -.48913333
.62024426, .14255413, -.47769013
.62696272, .14539337, -.48156935
.57199621, .14830263, -.42369360
.31558752, .14869580, -.16689172
.0000000, .13959160, .13959160
.0000000, .13404199, .13404199
.0000000, .12826018, .12826018
.0000000, .12901345, .12901345
.0000000, .12804592, .12804592
.0000000, .12822004, .12822004
.0000000, .12559196, .12559196
.0000000, .12400377, .12400377
.0000000, .12008872, .12008872
.0000000, .11883181, .11883181
.0000000, .11905870, .11905870
.0000000, .11841130, .11841130
.0000000, .11980547, .11980547
.0000000, .11827798, .11827798
.0000000, .11896324, .11896324
.57564735E-01, .12401915, .66454418E-01
.35077336, .12739889, -.22337447
.40973487, .13678575, -.27294913
.72045726, .14102688, -.57943034
.72780484, .14508027, -.58272457
.73673487, .14988375, -.58685112
.66929799, .15010607, -.51919192
.49480328, .15067272, -.34413058
.0000000, .14712790, .14712790
.0000000, .14340593, .14340593
.0000000, .13939439, .13939439
.0000000, .13461228, .13461228
.0000000, .13115734, .13115734
.0000000, .12837544, .12837544
.0000000, .12546952, .12546952
.0000000, .12212294, .12212294
.0000000, .12021339, .12021339
.0000000, .11774363, .11774363
.0000000, .11521798, .11521798
.0000000, .11375405, .11375405
.0000000, .11268162, .11268162
.0000000, .11073183, .11073183
.0000000, .10905500, .10905500
.0000000, .10569162, .10569162
.56027379E-01, .11212330, .56095924E-01
.33831173, .12106875, -.21724299
.39336964, .12939739, -.26397225
.67081469, .13147648, -.53933823
.68141598, .13559061, -.54582536
.67442948, .13836175, -.53606772
.66204089, .14110069, -.52094018
.58804572, .14145514, -.44659057
.29829341, .14202151, -.15627190
.0000000, .13568017, .13568017
.0000000, .13010833, .13010833
.0000000, .12373102, .12373102
.0000000, .12120964, .12120964
.0000000, .11821748, .11821748
.0000000, .11711790, .11711790
.0000000, .11428134, .11428134
.0000000, .11267561, .11267561
.0000000, .11182902, .11182902
.0000000, .11014527, .11014527
.0000000, .10932996, .10932996
.0000000, .10818854, .10818854
.0000000, .10795318, .10795318
.0000000, .10723921, .10723921
.0000000, .10771618, .10771618
.51623035E-01, .10818760, .56564566E-01
.29538733, .11560787, -.17977946
.37186652, .12857091, -.24329561
.70264173, .13655522, -.56608653
.70752043, .14024809, -.56727231
.69648868, .14282297, -.55366570
.68297476, .14403218, -.53894258
.59248066, .14504129, -.44743937
.30145591, .14641836, -.15503755
.0000000, .13769101, .13769101
.0000000, .13227144, .13227144
.0000000, .12952778, .12952778
.0000000, .12710677, .12710677
.0000000, .12635596, .12635596
.0000000, .12366693, .12366693
.0000000, .12241702, .12241702
.0000000, .12106603, .12106603
.0000000, .12006006, .12006006
.0000000, .12036443, .12036443
.0000000, .11846862, .11846862
.0000000, .11813286, .11813286
.0000000, .11780436, .11780436
.0000000, .11927372, .11927372
.0000000, .11817206, .11817206
.0000000, .11664283, .11664283
.0000000, .12185510, .12185510
.26967886, .13138995, -.13828892
.51664811, .13255861, -.38408950
.48264414, .13504751, -.34759665
.46811977, .13607562, -.33204415
.48461205, .13737887, -.34723318
.47288263, .13834000, -.33454263
.0000000, .13567345, .13567345
.0000000, .13244984, .13244984
.0000000, .13409048, .13409048
.0000000, .13579795, .13579795
.0000000, .13646394, .13646394
.0000000, .13475069, .13475069
.0000000, .13637885, .13637885
.0000000, .13563503, .13563503
.0000000, .13340051, .13340051
.0000000, .13200285, .13200285
.0000000, .13049889, .13049889
.0000000, .12835260, .12835260
.0000000, .12720096, .12720096
.0000000, .12604949, .12604949
.0000000, .12453106, .12453106
.0000000, .12379387, .12379387
.45548711E-01, .12562914, .80080435E-01
.33063692, .13210234, -.19853458
.32066709, .13154192, -.18912517
.59436858, .13717696, -.45719162
.55853635, .13618313, -.42235321
.56291074, .13924083, -.42366990
.48323119, .13766208, -.34556910
.44658434, .13605559, -.31052876
.23683812, .13453996, -.10229816
.0000000, .12663046, .12663046
.0000000, .11754320, .11754320
.0000000, .11376449, .11376449
.0000000, .11364470, .11364470
.0000000, .11343015, .11343015
.0000000, .11314031, .11314031
.0000000, .11271341, .11271341
.0000000, .11246958, .11246958
.0000000, .11221295, .11221295
.0000000, .11175946, .11175946
.0000000, .11153014, .11153014
.0000000, .11132412, .11132412
.0000000, .11173486, .11173486
.0000000, .12064415, .12064415
.0000000, .12443662, .12443662
.45476638E-01, .13190292, .86426280E-01
.24632697, .13432102, -.11200595
.28127721, .13550958, -.14576763
.55681181, .14034688, -.41646492
.60466450, .14681438, -.45785013
.57852972, .14981553, -.42871419
.51606292, .15029758, -.36576533
.46112287, .15216208, -.30896080
.0000000, .14653876, .14653876
.0000000, .14344387, .14344387
.0000000, .14076334, .14076334
.0000000, .13877754, .13877754
.0000000, .13806584, .13806584
.0000000, .13588339, .13588339
.0000000, .13460772, .13460772
.0000000, .13057984, .13057984
.0000000, .13106129, .13106129
.0000000, .13068917, .13068917
.0000000, .13029939, .13029939
.0000000, .12815236, .12815236
.0000000, .12786245, .12786245
.0000000, .12655152, .12655152
.0000000, .12820506, .12820506
.0000000, .12779179, .12779179
.50822295E-01, .13116565, .80343358E-01
.29344907, .13304862, -.16040045
.35264352, .13771746, -.21492606
.65067542, .14442712, -.50624830
.70540351, .15291834, -.55248517
.68552214, .15573373, -.52978837
.61253309, .15910050, -.45343259
.60982120, .16062644, -.44919476
.31018937, .16273396, -.14745541
.0000000, .15699100, .15699100
.0000000, .15488060, .15488060
.0000000, .15286204, .15286204
.0000000, .15159792, .15159792
.0000000, .14997312, .14997312
.0000000, .14743143, .14743143
.0000000, .14838165, .14838165
.0000000, .15084118, .15084118
.0000000, .14908627, .14908627
.0000000, .14636801, .14636801
.0000000, .14498474, .14498474
.0000000, .14317217, .14317217
.0000000, .14182015, .14182015
.0000000, .14052013, .14052013
.0000000, .13859762, .13859762
.46495304E-01, .13922684, .92731535E-01
.26083392, .13856889, -.12226503
.33806387, .13906623, -.19899763
.48810226, .14138705, -.34671521
.46888143, .14394186, -.32493955
.57006347, .14515826, -.42490521
.52070534, .14772420, -.37298113
.44413948, .14987783, -.29426163
.0000000, .14831109, .14831109
.0000000, .14648828, .14648828
.0000000, .14481589, .14481589
.0000000, .14333187, .14333187
.0000000, .14126343, .14126343
.0000000, .13981964, .13981964
.0000000, .13771009, .13771009
.0000000, .13652456, .13652456
.0000000, .13497196, .13497196
.0000000, .13405587, .13405587
.0000000, .13302432, .13302432
.0000000, .13250595, .13250595
.0000000, .13134204, .13134204
.0000000, .13010447, .13010447
.0000000, .12977153, .12977153
.0000000, .12899680, .12899680
.53102084E-01, .13001303, .76910950E-01
.32333356, .13063955, -.19269401
.33703318, .13277055, -.20426263
.57231963, .13418676, -.43813288
.55910212, .13596039, -.42314172
.54917806, .13788317, -.41129488
.48333478, .13842177, -.34491301
.45747888, .13812247, -.31935641
.24234638, .13692605, -.10542032
.0000000, .13065453, .13065453
.0000000, .12928431, .12928431
.0000000, .12471448, .12471448
.0000000, .12359358, .12359358
.0000000, .12069650, .12069650
.0000000, .11679470, .11679470
.0000000, .11624049, .11624049
.0000000, .11594291, .11594291
.0000000, .11568528, .11568528
.0000000, .11519109, .11519109
.0000000, .11489676, .11489676
.0000000, .11458497, .11458497
.0000000, .11406882, .11406882
.0000000, .11365706, .11365706
.0000000, .11328860, .11328860
.32237686E-01, .11583871, .83601020E-01
.21446654, .11554991, -.98916627E-01
.41926119, .11994155, -.29931962
.46320990, .12724611, -.33596379
.48350328, .13149357, -.35200971
.48517612, .13308324, -.35209286
.40741163, .13030750, -.27710414
.36893860, .12407832, -.24486028
.33321446, .12011840, -.21309605
.0000000, .11317267, .11317267
.0000000, .11324302, .11324302
.0000000, .11322632, .11322632
.0000000, .11304574, .11304574
.0000000, .11286826, .11286826
.0000000, .11260112, .11260112
.0000000, .11235087, .11235087
.0000000, .11193193, .11193193
.0000000, .11164384, .11164384
.0000000, .11141279, .11141279
.0000000, .11123541, .11123541
.0000000, .11100722, .11100722
.0000000, .11083639, .11083639
.0000000, .11061826, .11061826
.0000000, .11037221, .11037221
.26692484E-01, .11431240, .87619916E-01
.24952322, .12166633, -.12785688
.50866586, .14004713, -.36861873
.56867474, .15265509, -.41601965
.56839538, .15404749, -.41434789
.56792462, .15536904, -.41255558
.48886919, .15268698, -.33618221
.46083796, .15059948, -.31023848
.39453799, .14301327, -.25152472
.0000000, .12656008, .12656008
.0000000, .11516507, .11516507
.0000000, .11152704, .11152704
.0000000, .11142249, .11142249
.0000000, .11129794, .11129794
.0000000, .11111107, .11111107
.0000000, .11100499, .11100499
.0000000, .11079457, .11079457
.0000000, .11062383, .11062383
.0000000, .11053448, .11053448
.0000000, .11034033, .11034033
.0000000, .11023147, .11023147
.0000000, .11004281, .11004281
.0000000, .10998896, .10998896
.0000000, .10954756, .10954756
.47368504E-01, .12686448, .79495974E-01
.34911504, .16243514, -.18667990
.64160329, .17134577, -.47025752
.67542017, .17904319, -.49637699
.67875171, .18067324, -.49807847
.65921348, .17910355, -.48010993
.64248109, .17780179, -.46467930
.55876732, .17549366, -.38327366
.48489618, .16989291, -.31500328
.0000000, .15954916, .15954916
.0000000, .15482630, .15482630
.0000000, .15250012, .15250012
.0000000, .15160766, .15160766
.0000000, .14938256, .14938256
.0000000, .14567411, .14567411
.0000000, .14500082, .14500082
.0000000, .14425877, .14425877
.0000000, .14265156, .14265156
.0000000, .13961425, .13961425
.0000000, .13707125, .13707125
.0000000, .13544610, .13544610
.0000000, .13429366, .13429366
.0000000, .13242505, .13242505
.0000000, .12833363, .12833363
.49465537E-01, .13261117, .83145633E-01
.30152062, .13526157, -.16625905
.53769553, .14081740, -.39687812
.60565519, .14477044, -.46088475
.57991576, .14902088, -.43089488
.62272280, .15223719, -.47048563
.56096053, .15314344, -.40781710
.52485406, .15411875, -.37073532
.46939111, .15347417, -.31591696
.0000000, .14753839, .14753839
.0000000, .14484566, .14484566
.0000000, .14028537, .14028537
.0000000, .13683087, .13683087
.0000000, .13580003, .13580003
.0000000, .12935090, .12935090
.0000000, .12418337, .12418337
.0000000, .12088167, .12088167
.0000000, .11671313, .11671313
.0000000, .11474580, .11474580
.0000000, .11272462, .11272462
.0000000, .10956117, .10956117
.0000000, .10881045, .10881045
.0000000, .10859898, .10859898
.0000000, .10838634, .10838634
.43784589E-01, .11354519, .69760598E-01
.30236682, .13203430, -.17033252
.59287310, .14375710, -.44911599
.62679225, .15045755, -.47633469
.63758653, .15431613, -.48327041
.63257861, .15625501, -.47632360
.56649685, .15612958, -.41036725
.52522051, .15601957, -.36920094
.43067217, .15510967, -.27556249
.0000000, .14593354, .14593354
.0000000, .13852781, .13852781
.0000000, .12908760, .12908760
.0000000, .12681469, .12681469
.0000000, .12676281, .12676281
.0000000, .12669052, .12669052
.0000000, .12561579, .12561579
.0000000, .12370755, .12370755
.0000000, .12001882, .12001882
.0000000, .11971938, .11971938
.0000000, .11707682, .11707682
.0000000, .11627963, .11627963
.0000000, .11328086, .11328086
.0000000, .11532097, .11532097
.0000000, .11446236, .11446236
.48025321E-01, .12019078, .72165459E-01
.29660654, .13044520, -.16616134
.62224925, .14668755, -.47556168
.68466222, .15694967, -.52771258
.70937717, .16290361, -.54647356
.68601924, .16263299, -.52338624
.58863199, .16279858, -.42583340
.59036112, .16204204, -.42831910
.47430372, .16208187, -.31222185
.0000000, .15250821, .15250821
.0000000, .14843300, .14843300
.0000000, .15209828, .15209828
.0000000, .14906436, .14906436
.0000000, .14700657, .14700657
.0000000, .14593573, .14593573
.0000000, .14357415, .14357415
.0000000, .13911909, .13911909
.0000000, .13645242, .13645242
.0000000, .13395807, .13395807
.0000000, .13213739, .13213739
.0000000, .13058241, .13058241
.0000000, .12971731, .12971731
.0000000, .12814902, .12814902
.0000000, .12689529, .12689529
.62913269E-01, .12964553, .66732258E-01
.36906582, .13181563, -.23725019
.69208890, .13920835, -.55288053
.69866985, .14320298, -.55546689
.68125415, .14552803, -.53572613
.68397391, .14951563, -.53445828
.66757536, .15137880, -.51619655
.50499344, .15184438, -.35314906
.0000000, .14630640, .14630640
.0000000, .13764757, .13764757
.0000000, .14091921, .14091921
.0000000, .14386483, .14386483
.0000000, .14319275, .14319275
.0000000, .14282365, .14282365
.0000000, .14022279, .14022279
.0000000, .13679636, .13679636
.0000000, .13397729, .13397729
.0000000, .13072757, .13072757
.0000000, .12786311, .12786311
.0000000, .12557678, .12557678
.0000000, .12283858, .12283858
.0000000, .12303530, .12303530
.0000000, .12122719, .12122719
.0000000, .11976328, .11976328
.0000000, .11848338, .11848338
.0000000, .11717813, .11717813
.0000000, .11666267, .11666267
.30038214, .11941299, -.18096915
.0000000, .11653362, .11653362
.29736105, .11940777, -.17795327
.30121645, .11954645, -.18167001
.0000000, .11612448, .11612448
.0000000, .11584961, .11584961
.0000000, .11563621, .11563621
.0000000, .11534832, .11534832
.0000000, .11493993, .11493993
.0000000, .11472620, .11472620
.0000000, .11450821, .11450821
.0000000, .11430930, .11430930
.0000000, .11409335, .11409335
.0000000, .11388036, .11388036
.0000000, .11354225, .11354225
.0000000, .11318821, .11318821
.0000000, .11292407, .11292407
.0000000, .11271836, .11271836
.0000000, .11246943, .11246943
.0000000, .11224850, .11224850
.0000000, .11199165, .11199165
.21456931E-01, .11492459, .93467653E-01
.11892124, .11480627, -.41149631E-02
.26270425, .11450998, -.14819428
.28419173, .11455455, -.16963717
.29916272, .11465444, -.18450828
.33802867, .11463664, -.22339204
.26533225, .11508793, -.15024433
.25055593, .11547689, -.13507904
.23643579, .11592886, -.12050693
.0000000, .11170249, .11170249
.0000000, .11168503, .11168503
.0000000, .11158758, .11158758
.0000000, .11136963, .11136963
.0000000, .11110319, .11110319
.0000000, .11080983, .11080983
.0000000, .11054930, .11054930
.0000000, .11027949, .11027949
.0000000, .10986311, .10986311
.0000000, .10955358, .10955358
.0000000, .10934117, .10934117
.0000000, .10908992, .10908992
.0000000, .10886648, .10886648
.0000000, .10863715, .10863715
.0000000, .10842129, .10842129
.0000000, .10816777, .10816777
.12453975, .11220928, -.12330465E-01
.29868269, .11230612, -.18637657
.35469195, .11231291, -.24237904
.35806227, .11256212, -.24550015
.35775900, .11279279, -.24496621
.29294047, .11316568, -.17977479
.27172345, .11365111, -.15807234
.24596515, .11423005, -.13173510
.0000000, .10910461, .10910461
.0000000, .10921530, .10921530
.0000000, .10922421, .10922421
.0000000, .10916198, .10916198
.0000000, .10901804, .10901804
.0000000, .10883948, .10883948
.0000000, .10863174, .10863174
.0000000, .10847025, .10847025
.0000000, .10830045, .10830045
.0000000, .10823277, .10823277
.0000000, .10809371, .10809371
.0000000, .10799734, .10799734
.0000000, .10797723, .10797723
.0000000, .10778121, .10778121
.0000000, .10770207, .10770207
.23086214E-01, .11283803, .89751817E-01
.13020504, .11308395, -.17121084E-01
.35334751, .11313730, -.24021021
.33321273, .11360373, -.21960901
.34644878, .11408544, -.23236334
.32523295, .11549035, -.20974261
.29822671, .11649604, -.18173067
.29221964, .11749268, -.17472696
.0000000, .11127733, .11127733
.0000000, .11185221, .11185221
.0000000, .11232392, .11232392
.0000000, .11243697, .11243697
.0000000, .11281294, .11281294
.0000000, .11280075, .11280075
.0000000, .11284979, .11284979
.0000000, .11297743, .11297743
.0000000, .11297475, .11297475
.0000000, .11296116, .11296116
.0000000, .11295661, .11295661
.0000000, .11346226, .11346226
.0000000, .11350311, .11350311
.0000000, .11349158, .11349158
.0000000, .11348023, .11348023
.0000000, .11344899, .11344899
.39959714E-01, .11972916, .79769447E-01
.23560126, .13480882, -.10079244
.44731209, .14716893, -.30014315
.47514009, .15624481, -.31889528
.54846513, .17958245, -.36888269
.55969697, .18364444, -.37605253
.50049436, .18039924, -.32009512
.46501458, .17353581, -.29147875
.40563270, .16442673, -.24120598
.0000000, .14591400, .14591400
.0000000, .14210305, .14210305
.0000000, .13720556, .13720556
.0000000, .13558915, .13558915
.0000000, .13383810, .13383810
.0000000, .11697250, .11697250
.0000000, .12405623, .12405623
.0000000, .11397573, .11397573
.0000000, .11874864, .11874864
.0000000, .11351697, .11351697
.0000000, .11317323, .11317323
.0000000, .11298000, .11298000
.0000000, .11281037, .11281037
.0000000, .11262509, .11262509
.0000000, .11245897, .11245897
.32026801E-01, .11835064, .86323842E-01
.24474689, .13147557, -.11327133
.47240806, .15016991, -.32223815
.52755678, .16797468, -.35958210
.54053617, .17213747, -.36839870
.52896047, .16949533, -.35946512
.46236342, .16276418, -.29959923
.42645809, .15618703, -.27027106
.36986828, .14694831, -.22291997
.0000000, .13521042, .13521042
.0000000, .13614693, .13614693
.0000000, .11279833, .11279833
.0000000, .11276812, .11276812
.0000000, .11263239, .11263239
.0000000, .11227290, .11227290
.0000000, .11205938, .11205938
.0000000, .11189158, .11189158
.0000000, .11178336, .11178336
.0000000, .11157511, .11157511
.0000000, .11155134, .11155134
.0000000, .11149421, .11149421
.0000000, .11130330, .11130330
.0000000, .11125171, .11125171
.0000000, .11100935, .11100935
.25952669E-01, .11728571, .91333047E-01
.20619839, .11748815, -.88710248E-01
.50526947, .16172248, -.34354699
.50017846, .16033398, -.33984447
.51887834, .16680911, -.35206923
.52567554, .16981478, -.35586077
.45680773, .16174084, -.29506689
.43883270, .15668675, -.28214595
.40829360, .15246211, -.25583148
.0000000, .13587166, .13587166
.0000000, .11979023, .11979023
.0000000, .11452334, .11452334
.0000000, .11175238, .11175238
.0000000, .11172689, .11172689
.0000000, .11166318, .11166318
.0000000, .11126164, .11126164
.0000000, .11123234, .11123234
